Ship Number,Trip Number,Tow Number
AVALON VOYAGER,4,2
Comments
"ZONE 19"
CPU Date and Time,GPS Date,GPS Time,Latitude,Longitude,Speed,Heading,Validity,Transducer Name,Sensor Name,Sensor Value,Error Code,Hydrophone,Signal Strength
Tue Sep 01 08:56:39 2020,01-Sep-2020,105639,47 13.518800 N,060 21.953000 W,2.5,174.4,A,Primary,Headline,1.224490,D,S,88175.000000
Tue Sep 01 08:56:40 2020,01-Sep-2020,105640,47 13.518100 N,060 21.952800 W,2.6,174.2,A,Depth,Depth,15.092593,D,P,46441.000000
Tue Sep 01 08:56:40 2020,01-Sep-2020,105641,47 13.517300 N,060 21.952600 W,2.6,174.0,A,Depth,Depth,15.092593,D,P,46441.000000
Tue Sep 01 08:56:40 2020,01-Sep-2020,105642,47 13.516700 N,060 21.952500 W,2.4,173.8,A,Depth,Depth,15.092593,D,P,46441.000000
Tue Sep 01 08:56:40 2020,01-Sep-2020,105643,47 13.516200 N,060 21.952300 W,2.3,173.7,A,Depth,Depth,15.092593,D,P,46441.000000
Tue Sep 01 08:56:44 2020,01-Sep-2020,105644,47 13.515700 N,060 21.952100 W,2.3,173.2,A,DoorSpread,DoorMaster,1.900000,D,P,965441.000000
Tue Sep 01 08:56:44 2020,01-Sep-2020,105645,47 13.515100 N,060 21.951900 W,2.4,172.9,A,DoorSpread,DoorMaster,1.890000,D,S,831446.000000
Tue Sep 01 08:56:44 2020,01-Sep-2020,105646,47 13.514400 N,060 21.951700 W,2.4,172.8,A,DoorSpread,DoorMaster,1.890000,D,S,831446.000000
Tue Sep 01 08:56:44 2020,01-Sep-2020,105647,47 13.513600 N,060 21.951600 W,2.5,172.9,A,DoorSpread,DoorMaster,1.890000,D,S,831446.000000
Tue Sep 01 08:56:47 2020,01-Sep-2020,105648,47 13.512900 N,060 21.951400 W,2.5,172.7,A,Depth,Depth,16.481481,D,P,68623.000000
Tue Sep 01 08:56:49 2020,01-Sep-2020,105649,47 13.512300 N,060 21.951000 W,2.4,172.1,A,Primary,Headline,1.897959,D,S,50224.000000
Tue Sep 01 08:56:49 2020,01-Sep-2020,105650,47 13.511600 N,060 21.950700 W,2.4,171.4,A,DoorSpread,DoorMaster,0.000000,E,S,72504.000000
Tue Sep 01 08:56:49 2020,01-Sep-2020,105651,47 13.511000 N,060 21.950400 W,2.3,170.9,A,DoorSpread,DoorMaster,0.000000,E,S,72504.000000
Tue Sep 01 08:56:49 2020,01-Sep-2020,105652,47 13.510300 N,060 21.950300 W,2.4,171.0,A,DoorSpread,DoorMaster,0.000000,E,S,72504.000000
Tue Sep 01 08:56:49 2020,01-Sep-2020,105653,47 13.509400 N,060 21.950400 W,2.5,171.8,A,DoorSpread,DoorMaster,0.000000,E,S,72504.000000
Tue Sep 01 08:56:54 2020,01-Sep-2020,105654,47 13.508800 N,060 21.950400 W,2.4,172.4,A,Primary,Headline,1.367347,D,S,73045.000000
Tue Sep 01 08:56:54 2020,01-Sep-2020,105655,47 13.508100 N,060 21.950100 W,2.5,171.7,A,Depth,Depth,30.462963,D,P,69272.000000
Tue Sep 01 08:56:54 2020,01-Sep-2020,105656,47 13.507300 N,060 21.949800 W,2.6,170.7,A,Depth,Depth,30.462963,D,P,69272.000000
Tue Sep 01 08:56:54 2020,01-Sep-2020,105657,47 13.506400 N,060 21.949400 W,2.8,170.4,A,Depth,Depth,30.462963,D,P,69272.000000
Tue Sep 01 08:56:54 2020,01-Sep-2020,105658,47 13.505700 N,060 21.949400 W,2.6,170.2,A,Depth,Depth,30.462963,D,P,69272.000000
Tue Sep 01 08:56:59 2020,01-Sep-2020,105659,47 13.505400 N,060 21.949400 W,2.3,170.2,A,Primary,Headline,1.836735,D,S,53345.000000
Tue Sep 01 08:56:59 2020,01-Sep-2020,105700,47 13.505400 N,060 21.949100 W,2.1,170.1,A,DoorSpread,DoorMaster,0.000000,E,S,850400.000000
Tue Sep 01 08:56:59 2020,01-Sep-2020,105701,47 13.504700 N,060 21.948800 W,2.5,169.7,A,DoorSpread,DoorMaster,0.000000,E,S,850400.000000
Tue Sep 01 08:57:01 2020,01-Sep-2020,105702,47 13.503500 N,060 21.948400 W,2.8,169.9,A,Depth,Depth,4.537037,D,S,88989.000000
Tue Sep 01 08:57:01 2020,01-Sep-2020,105703,47 13.502500 N,060 21.948200 W,2.9,170.1,A,Depth,Depth,4.537037,D,S,88989.000000
Tue Sep 01 08:57:04 2020,01-Sep-2020,105704,47 13.501800 N,060 21.947900 W,2.7,170.2,A,Primary,Headline,1.408163,D,S,113756.000000
Tue Sep 01 08:57:05 2020,01-Sep-2020,105705,47 13.501200 N,060 21.947500 W,2.7,170.3,A,DoorSpread,DoorMaster,1.870000,D,S,989693.000000
Tue Sep 01 08:57:05 2020,01-Sep-2020,105706,47 13.500600 N,060 21.947200 W,2.7,170.4,A,DoorSpread,DoorMaster,1.870000,D,S,989693.000000
Tue Sep 01 08:57:05 2020,01-Sep-2020,105707,47 13.500000 N,060 21.946900 W,2.6,170.5,A,DoorSpread,DoorMaster,1.870000,D,S,989693.000000
Tue Sep 01 08:57:05 2020,01-Sep-2020,105708,47 13.499300 N,060 21.946600 W,2.6,170.5,A,DoorSpread,DoorMaster,1.870000,D,S,989693.000000
Tue Sep 01 08:57:09 2020,01-Sep-2020,105709,47 13.498500 N,060 21.946200 W,2.6,170.4,A,Primary,Headline,1.102041,D,P,45998.000000
Tue Sep 01 08:57:10 2020,01-Sep-2020,105710,47 13.497700 N,060 21.945900 W,2.6,170.3,A,DoorSpread,DoorMaster,1.715000,D,S,978343.000000
Tue Sep 01 08:57:10 2020,01-Sep-2020,105711,47 13.497000 N,060 21.945700 W,2.6,169.9,A,DoorSpread,DoorMaster,1.715000,D,S,978343.000000
Tue Sep 01 08:57:10 2020,01-Sep-2020,105712,47 13.496100 N,060 21.945500 W,2.6,169.6,A,DoorSpread,DoorMaster,1.715000,D,S,978343.000000
Tue Sep 01 08:57:10 2020,01-Sep-2020,105713,47 13.495500 N,060 21.945400 W,2.5,169.5,A,DoorSpread,DoorMaster,1.715000,D,S,978343.000000
Tue Sep 01 08:57:14 2020,01-Sep-2020,105714,47 13.495000 N,060 21.945200 W,2.3,169.3,A,Primary,Headline,1.795918,D,S,48108.000000
Tue Sep 01 08:57:14 2020,01-Sep-2020,105715,47 13.494400 N,060 21.944900 W,2.5,169.0,A,Primary,Headline,1.795918,D,S,48108.000000
Tue Sep 01 08:57:16 2020,01-Sep-2020,105716,47 13.493400 N,060 21.944700 W,2.7,169.4,A,Depth,Depth,21.388889,D,S,65738.000000
Tue Sep 01 08:57:16 2020,01-Sep-2020,105717,47 13.492600 N,060 21.944500 W,2.6,169.5,A,Depth,Depth,21.388889,D,S,65738.000000
Tue Sep 01 08:57:16 2020,01-Sep-2020,105718,47 13.492300 N,060 21.944300 W,2.3,169.6,A,Depth,Depth,21.388889,D,S,65738.000000
Tue Sep 01 08:57:16 2020,01-Sep-2020,105719,47 13.492000 N,060 21.944000 W,2.2,169.7,A,Depth,Depth,21.388889,D,S,65738.000000
Tue Sep 01 08:57:19 2020,01-Sep-2020,105720,47 13.491300 N,060 21.943700 W,2.4,170.1,A,Primary,Headline,1.306122,D,S,62543.000000
Tue Sep 01 08:57:21 2020,01-Sep-2020,105721,47 13.490200 N,060 21.943500 W,2.7,171.5,A,DoorSpread,DoorMaster,2.155000,D,P,1083960.000000
Tue Sep 01 08:57:21 2020,01-Sep-2020,105722,47 13.489100 N,060 21.943500 W,2.9,173.3,A,DoorSpread,DoorMaster,2.155000,D,P,1083960.000000
Tue Sep 01 08:57:23 2020,01-Sep-2020,105723,47 13.487900 N,060 21.943500 W,3.1,174.3,A,Depth,Depth,17.314815,D,S,112101.000000
Tue Sep 01 08:57:24 2020,01-Sep-2020,105724,47 13.486800 N,060 21.943300 W,3.2,174.8,A,Primary,Headline,1.959184,D,S,92661.000000
Tue Sep 01 08:57:24 2020,01-Sep-2020,105725,47 13.485800 N,060 21.943000 W,3.3,174.6,A,Primary,Headline,1.959184,D,S,92661.000000
Tue Sep 01 08:57:26 2020,01-Sep-2020,105726,47 13.484600 N,060 21.942700 W,3.6,174.4,A,DoorSpread,DoorMaster,0.000000,E,S,745673.000000
Tue Sep 01 08:57:26 2020,01-Sep-2020,105727,47 13.483000 N,060 21.942600 W,4.0,174.8,A,DoorSpread,DoorMaster,0.000000,E,S,745673.000000
Tue Sep 01 08:57:26 2020,01-Sep-2020,105728,47 13.481400 N,060 21.942700 W,4.2,175.4,A,DoorSpread,DoorMaster,0.000000,E,S,745673.000000
Tue Sep 01 08:57:26 2020,01-Sep-2020,105729,47 13.480200 N,060 21.942700 W,4.1,175.6,A,DoorSpread,DoorMaster,0.000000,E,S,745673.000000
Tue Sep 01 08:57:30 2020,01-Sep-2020,105730,47 13.479100 N,060 21.942600 W,4.1,175.4,A,Depth,Depth,17.685185,D,S,135821.000000
Tue Sep 01 08:57:31 2020,01-Sep-2020,105731,47 13.477800 N,060 21.942300 W,4.3,175.3,A,DoorSpread,DoorMaster,0.000000,E,P,984114.000000
Tue Sep 01 08:57:31 2020,01-Sep-2020,105732,47 13.476300 N,060 21.942200 W,4.4,175.5,A,DoorSpread,DoorMaster,0.000000,E,P,984114.000000
Tue Sep 01 08:57:31 2020,01-Sep-2020,105733,47 13.474900 N,060 21.942200 W,4.5,176.0,A,DoorSpread,DoorMaster,0.000000,E,P,984114.000000
Tue Sep 01 08:57:31 2020,01-Sep-2020,105734,47 13.473500 N,060 21.942100 W,4.6,176.3,A,DoorSpread,DoorMaster,0.000000,E,P,984114.000000
Tue Sep 01 08:57:31 2020,01-Sep-2020,105735,47 13.472000 N,060 21.942100 W,4.7,176.6,A,DoorSpread,DoorMaster,0.000000,E,P,984114.000000
Tue Sep 01 08:57:36 2020,01-Sep-2020,105736,47 13.470600 N,060 21.942000 W,4.8,176.9,A,DoorSpread,DoorMaster,0.000000,E,P,923156.000000
Tue Sep 01 08:57:37 2020,01-Sep-2020,105737,47 13.469300 N,060 21.942000 W,4.7,176.9,A,Depth,Depth,18.518519,D,S,63577.000000
Tue Sep 01 08:57:37 2020,01-Sep-2020,105738,47 13.468200 N,060 21.941900 W,4.7,177.0,A,Depth,Depth,18.518519,D,S,63577.000000
Tue Sep 01 08:57:37 2020,01-Sep-2020,105739,47 13.467000 N,060 21.941800 W,4.8,177.0,A,Depth,Depth,18.518519,D,S,63577.000000
Tue Sep 01 08:57:37 2020,01-Sep-2020,105740,47 13.465600 N,060 21.941800 W,4.9,177.0,A,Depth,Depth,18.518519,D,S,63577.000000
Tue Sep 01 08:57:41 2020,01-Sep-2020,105741,47 13.464300 N,060 21.941900 W,4.9,177.2,A,DoorSpread,DoorMaster,0.000000,E,S,1014310.000000
Tue Sep 01 08:57:41 2020,01-Sep-2020,105742,47 13.463100 N,060 21.942000 W,5.0,177.7,A,DoorSpread,DoorMaster,0.000000,E,S,1014310.000000
Tue Sep 01 08:57:41 2020,01-Sep-2020,105743,47 13.461700 N,060 21.942200 W,5.1,178.1,A,DoorSpread,DoorMaster,0.000000,E,S,1014310.000000
Tue Sep 01 08:57:41 2020,01-Sep-2020,105744,47 13.460400 N,060 21.942200 W,5.0,178.4,A,DoorSpread,DoorMaster,0.000000,E,S,1014310.000000
Tue Sep 01 08:57:41 2020,01-Sep-2020,105745,47 13.459200 N,060 21.942200 W,5.0,178.4,A,DoorSpread,DoorMaster,0.000000,E,S,1014310.000000
Tue Sep 01 08:57:46 2020,01-Sep-2020,105746,47 13.457800 N,060 21.942300 W,5.0,178.6,A,DoorSpread,DoorMaster,0.000000,E,P,495267.000000
Tue Sep 01 08:57:46 2020,01-Sep-2020,105747,47 13.456300 N,060 21.942300 W,5.0,178.6,A,DoorSpread,DoorMaster,0.000000,E,P,495267.000000
Tue Sep 01 08:57:46 2020,01-Sep-2020,105748,47 13.454900 N,060 21.942300 W,5.1,178.5,A,DoorSpread,DoorMaster,0.000000,E,P,495267.000000
Tue Sep 01 08:57:46 2020,01-Sep-2020,105749,47 13.453300 N,060 21.942400 W,5.2,178.7,A,DoorSpread,DoorMaster,0.000000,E,P,495267.000000
Tue Sep 01 08:57:46 2020,01-Sep-2020,105750,47 13.451800 N,060 21.942700 W,5.2,179.1,A,DoorSpread,DoorMaster,0.000000,E,P,495267.000000
Tue Sep 01 08:57:51 2020,01-Sep-2020,105751,47 13.450400 N,060 21.943000 W,5.2,179.6,A,DoorSpread,DoorMaster,0.000000,E,P,280050.000000
Tue Sep 01 08:57:51 2020,01-Sep-2020,105752,47 13.448900 N,060 21.943100 W,5.2,179.9,A,DoorSpread,DoorMaster,0.000000,E,P,280050.000000
Tue Sep 01 08:57:51 2020,01-Sep-2020,105753,47 13.447400 N,060 21.943100 W,5.2,180.0,A,DoorSpread,DoorMaster,0.000000,E,P,280050.000000
Tue Sep 01 08:57:51 2020,01-Sep-2020,105754,47 13.446000 N,060 21.943200 W,5.2,180.0,A,DoorSpread,DoorMaster,0.000000,E,P,280050.000000
Tue Sep 01 08:57:51 2020,01-Sep-2020,105755,47 13.444600 N,060 21.943300 W,5.1,180.2,A,DoorSpread,DoorMaster,0.000000,E,P,280050.000000
Tue Sep 01 08:57:56 2020,01-Sep-2020,105756,47 13.443200 N,060 21.943500 W,5.1,180.4,A,DoorSpread,DoorMaster,0.000000,E,P,715610.000000
Tue Sep 01 08:57:56 2020,01-Sep-2020,105757,47 13.441700 N,060 21.943800 W,5.2,180.8,A,DoorSpread,DoorMaster,0.000000,E,P,715610.000000
Tue Sep 01 08:57:58 2020,01-Sep-2020,105758,47 13.440100 N,060 21.944100 W,5.2,181.3,A,Depth,Depth,11.574074,D,S,150216.000000
Tue Sep 01 08:57:58 2020,01-Sep-2020,105759,47 13.438600 N,060 21.944200 W,5.1,181.5,A,Depth,Depth,11.574074,D,S,150216.000000
Tue Sep 01 08:57:58 2020,01-Sep-2020,105800,47 13.437300 N,060 21.944200 W,5.1,181.4,A,Depth,Depth,11.574074,D,S,150216.000000
Tue Sep 01 08:58:01 2020,01-Sep-2020,105801,47 13.435700 N,060 21.944000 W,5.1,181.2,A,DoorSpread,DoorMaster,0.000000,E,S,551321.000000
Tue Sep 01 08:58:01 2020,01-Sep-2020,105802,47 13.434200 N,060 21.943900 W,5.1,180.9,A,DoorSpread,DoorMaster,0.000000,E,S,551321.000000
Tue Sep 01 08:58:01 2020,01-Sep-2020,105803,47 13.432700 N,060 21.944000 W,5.2,180.9,A,DoorSpread,DoorMaster,0.000000,E,S,551321.000000
Tue Sep 01 08:58:01 2020,01-Sep-2020,105804,47 13.431100 N,060 21.944200 W,5.2,181.1,A,DoorSpread,DoorMaster,0.000000,E,S,551321.000000
Tue Sep 01 08:58:05 2020,01-Sep-2020,105805,47 13.429600 N,060 21.944300 W,5.1,181.2,A,Depth,Depth,16.574074,D,S,79166.000000
Tue Sep 01 08:58:06 2020,01-Sep-2020,105806,47 13.428000 N,060 21.944300 W,5.3,181.3,A,DoorSpread,DoorMaster,0.000000,E,P,300873.000000
Tue Sep 01 08:58:06 2020,01-Sep-2020,105807,47 13.426300 N,060 21.944300 W,5.4,181.4,A,DoorSpread,DoorMaster,0.000000,E,P,300873.000000
Tue Sep 01 08:58:06 2020,01-Sep-2020,105808,47 13.424500 N,060 21.944300 W,5.4,181.4,A,DoorSpread,DoorMaster,0.000000,E,P,300873.000000
Tue Sep 01 08:58:06 2020,01-Sep-2020,105809,47 13.423000 N,060 21.944400 W,5.3,181.4,A,DoorSpread,DoorMaster,0.000000,E,P,300873.000000
Tue Sep 01 08:58:06 2020,01-Sep-2020,105810,47 13.421600 N,060 21.944400 W,5.3,181.4,A,DoorSpread,DoorMaster,0.000000,E,P,300873.000000
Tue Sep 01 08:58:11 2020,01-Sep-2020,105811,47 13.420200 N,060 21.944500 W,5.2,181.6,A,DoorSpread,DoorMaster,0.000000,E,P,482734.000000
Tue Sep 01 08:58:11 2020,01-Sep-2020,105812,47 13.418700 N,060 21.944600 W,5.3,182.0,A,DoorSpread,DoorMaster,0.000000,E,P,482734.000000
Tue Sep 01 08:58:11 2020,01-Sep-2020,105813,47 13.417300 N,060 21.944900 W,5.2,182.4,A,DoorSpread,DoorMaster,0.000000,E,P,482734.000000
Tue Sep 01 08:58:11 2020,01-Sep-2020,105814,47 13.415900 N,060 21.944900 W,5.2,182.5,A,DoorSpread,DoorMaster,0.000000,E,P,482734.000000
Tue Sep 01 08:58:11 2020,01-Sep-2020,105815,47 13.414500 N,060 21.945100 W,5.1,182.7,A,DoorSpread,DoorMaster,0.000000,E,P,482734.000000
Tue Sep 01 08:58:16 2020,01-Sep-2020,105816,47 13.413200 N,060 21.945300 W,5.1,183.0,A,DoorSpread,DoorMaster,0.000000,E,P,374466.000000
Tue Sep 01 08:58:16 2020,01-Sep-2020,105817,47 13.411700 N,060 21.945400 W,5.2,183.3,A,DoorSpread,DoorMaster,0.000000,E,P,374466.000000
Tue Sep 01 08:58:16 2020,01-Sep-2020,105818,47 13.410300 N,060 21.945600 W,5.1,183.6,A,DoorSpread,DoorMaster,0.000000,E,P,374466.000000
Tue Sep 01 08:58:16 2020,01-Sep-2020,105819,47 13.408700 N,060 21.945600 W,5.2,184.0,A,DoorSpread,DoorMaster,0.000000,E,P,374466.000000
Tue Sep 01 08:58:20 2020,01-Sep-2020,105820,47 13.407100 N,060 21.945900 W,5.2,184.5,A,Primary,Headline,1.714286,D,S,49991.000000
Tue Sep 01 08:58:21 2020,01-Sep-2020,105821,47 13.405500 N,060 21.946300 W,5.2,184.8,A,DoorSpread,DoorMaster,0.000000,E,S,411168.000000
Tue Sep 01 08:58:21 2020,01-Sep-2020,105822,47 13.403900 N,060 21.946300 W,5.2,184.7,A,DoorSpread,DoorMaster,0.000000,E,S,411168.000000
Tue Sep 01 08:58:21 2020,01-Sep-2020,105823,47 13.402100 N,060 21.946300 W,5.5,184.5,A,DoorSpread,DoorMaster,0.000000,E,S,411168.000000
Tue Sep 01 08:58:21 2020,01-Sep-2020,105824,47 13.400400 N,060 21.946200 W,5.5,184.4,A,DoorSpread,DoorMaster,0.000000,E,S,411168.000000
Tue Sep 01 08:58:25 2020,01-Sep-2020,105825,47 13.398800 N,060 21.946300 W,5.5,184.4,A,Primary,Headline,1.673469,D,S,101806.000000
Tue Sep 01 08:58:26 2020,01-Sep-2020,105826,47 13.397400 N,060 21.946400 W,5.4,184.4,A,DoorSpread,DoorMaster,0.000000,E,S,833320.000000
Tue Sep 01 08:58:26 2020,01-Sep-2020,105827,47 13.396200 N,060 21.946300 W,5.3,184.1,A,DoorSpread,DoorMaster,0.000000,E,S,833320.000000
Tue Sep 01 08:58:26 2020,01-Sep-2020,105828,47 13.394800 N,060 21.946100 W,5.4,183.7,A,DoorSpread,DoorMaster,0.000000,E,S,833320.000000
Tue Sep 01 08:58:26 2020,01-Sep-2020,105829,47 13.393100 N,060 21.946300 W,5.5,183.6,A,DoorSpread,DoorMaster,0.000000,E,S,833320.000000
Tue Sep 01 08:58:30 2020,01-Sep-2020,105830,47 13.391700 N,060 21.946600 W,5.4,184.0,A,Primary,Headline,1.938776,D,S,88367.000000
Tue Sep 01 08:58:31 2020,01-Sep-2020,105831,47 13.390500 N,060 21.946900 W,5.2,184.3,A,DoorSpread,DoorMaster,0.000000,E,P,658193.000000
Tue Sep 01 08:58:31 2020,01-Sep-2020,105832,47 13.389200 N,060 21.947000 W,5.3,184.4,A,DoorSpread,DoorMaster,0.000000,E,P,658193.000000
Tue Sep 01 08:58:31 2020,01-Sep-2020,105833,47 13.387600 N,060 21.947000 W,5.4,184.1,A,DoorSpread,DoorMaster,0.000000,E,P,658193.000000
Tue Sep 01 08:58:31 2020,01-Sep-2020,105834,47 13.386200 N,060 21.947100 W,5.4,183.8,A,DoorSpread,DoorMaster,0.000000,E,P,658193.000000
Tue Sep 01 08:58:35 2020,01-Sep-2020,105835,47 13.384800 N,060 21.947100 W,5.3,183.5,A,Primary,Headline,1.836735,D,S,96801.000000
Tue Sep 01 08:58:36 2020,01-Sep-2020,105836,47 13.383400 N,060 21.947300 W,5.3,183.5,A,DoorSpread,DoorMaster,0.000000,E,P,871723.000000
Tue Sep 01 08:58:36 2020,01-Sep-2020,105837,47 13.382000 N,060 21.947600 W,5.2,183.9,A,DoorSpread,DoorMaster,0.000000,E,P,871723.000000
Tue Sep 01 08:58:36 2020,01-Sep-2020,105838,47 13.380800 N,060 21.947900 W,5.1,184.1,A,DoorSpread,DoorMaster,0.000000,E,P,871723.000000
Tue Sep 01 08:58:36 2020,01-Sep-2020,105839,47 13.379600 N,060 21.947900 W,5.2,184.1,A,DoorSpread,DoorMaster,0.000000,E,P,871723.000000
Tue Sep 01 08:58:40 2020,01-Sep-2020,105840,47 13.378000 N,060 21.947800 W,5.4,183.7,A,Primary,Headline,2.040816,D,S,120541.000000
Tue Sep 01 08:58:41 2020,01-Sep-2020,105841,47 13.376400 N,060 21.947900 W,5.3,183.7,A,DoorSpread,DoorMaster,0.000000,E,P,736114.000000
Tue Sep 01 08:58:41 2020,01-Sep-2020,105842,47 13.375000 N,060 21.948300 W,5.3,184.1,A,DoorSpread,DoorMaster,0.000000,E,P,736114.000000
Tue Sep 01 08:58:41 2020,01-Sep-2020,105843,47 13.373600 N,060 21.948600 W,5.3,184.4,A,DoorSpread,DoorMaster,0.000000,E,P,736114.000000
Tue Sep 01 08:58:41 2020,01-Sep-2020,105844,47 13.372400 N,060 21.948900 W,5.0,184.6,A,DoorSpread,DoorMaster,0.000000,E,P,736114.000000
Tue Sep 01 08:58:45 2020,01-Sep-2020,105845,47 13.371100 N,060 21.948900 W,5.0,184.4,A,Primary,Headline,2.244898,D,S,65489.000000
Tue Sep 01 08:58:46 2020,01-Sep-2020,105846,47 13.369500 N,060 21.949000 W,5.2,184.0,A,DoorSpread,DoorMaster,0.000000,E,P,548155.000000
Tue Sep 01 08:58:46 2020,01-Sep-2020,105847,47 13.367700 N,060 21.949100 W,5.3,183.8,A,DoorSpread,DoorMaster,0.000000,E,P,548155.000000
Tue Sep 01 08:58:47 2020,01-Sep-2020,105848,47 13.366300 N,060 21.949200 W,5.2,183.5,A,Depth,Depth,14.351852,D,S,78709.000000
Tue Sep 01 08:58:47 2020,01-Sep-2020,105849,47 13.364900 N,060 21.949200 W,5.2,183.2,A,Depth,Depth,14.351852,D,S,78709.000000
Tue Sep 01 08:58:50 2020,01-Sep-2020,105850,47 13.363500 N,060 21.949500 W,5.2,183.2,A,Primary,Headline,0.877551,D,S,145105.000000
Tue Sep 01 08:58:51 2020,01-Sep-2020,105851,47 13.362200 N,060 21.949700 W,4.9,183.3,A,DoorSpread,DoorMaster,0.000000,E,P,901966.000000
Tue Sep 01 08:58:51 2020,01-Sep-2020,105852,47 13.361100 N,060 21.949900 W,4.8,183.1,A,DoorSpread,DoorMaster,0.000000,E,P,901966.000000
Tue Sep 01 08:58:51 2020,01-Sep-2020,105853,47 13.359800 N,060 21.949800 W,4.9,182.6,A,DoorSpread,DoorMaster,0.000000,E,P,901966.000000
Tue Sep 01 08:58:51 2020,01-Sep-2020,105854,47 13.358100 N,060 21.949700 W,5.2,182.1,A,DoorSpread,DoorMaster,0.000000,E,P,901966.000000
Tue Sep 01 08:58:55 2020,01-Sep-2020,105855,47 13.356500 N,060 21.949700 W,5.2,181.7,A,Primary,Headline,1.795918,D,S,159947.000000
Tue Sep 01 08:58:55 2020,01-Sep-2020,105856,47 13.355000 N,060 21.949700 W,5.2,181.3,A,Primary,Headline,1.795918,D,S,159947.000000
Tue Sep 01 08:58:56 2020,01-Sep-2020,105857,47 13.353600 N,060 21.949700 W,5.3,180.9,A,DoorSpread,DoorMaster,0.000000,E,P,789817.000000
Tue Sep 01 08:58:56 2020,01-Sep-2020,105858,47 13.352100 N,060 21.949700 W,5.3,180.6,A,DoorSpread,DoorMaster,0.000000,E,P,789817.000000
Tue Sep 01 08:58:56 2020,01-Sep-2020,105859,47 13.350800 N,060 21.949700 W,5.1,180.3,A,DoorSpread,DoorMaster,0.000000,E,P,789817.000000
Tue Sep 01 08:59:00 2020,01-Sep-2020,105900,47 13.349300 N,060 21.949700 W,5.2,179.9,A,Primary,Headline,2.326531,D,S,168277.000000
Tue Sep 01 08:59:00 2020,01-Sep-2020,105901,47 13.347800 N,060 21.949600 W,5.3,179.4,A,Primary,Headline,2.326531,D,S,168277.000000
Tue Sep 01 08:59:01 2020,01-Sep-2020,105902,47 13.346200 N,060 21.949600 W,5.4,179.1,A,DoorSpread,DoorMaster,0.000000,E,S,164180.000000
Tue Sep 01 08:59:01 2020,01-Sep-2020,105903,47 13.344800 N,060 21.949600 W,5.3,178.8,A,DoorSpread,DoorMaster,0.000000,E,S,164180.000000
Tue Sep 01 08:59:01 2020,01-Sep-2020,105904,47 13.343600 N,060 21.949400 W,5.1,178.3,A,DoorSpread,DoorMaster,0.000000,E,S,164180.000000
Tue Sep 01 08:59:05 2020,01-Sep-2020,105905,47 13.342200 N,060 21.949200 W,5.2,177.7,A,Primary,Headline,0.979592,D,S,248800.000000
Tue Sep 01 08:59:06 2020,01-Sep-2020,105906,47 13.340700 N,060 21.948900 W,5.3,177.3,A,DoorSpread,DoorMaster,0.000000,E,P,362418.000000
Tue Sep 01 08:59:06 2020,01-Sep-2020,105907,47 13.339000 N,060 21.948700 W,5.3,177.2,A,DoorSpread,DoorMaster,0.000000,E,P,362418.000000
Tue Sep 01 08:59:06 2020,01-Sep-2020,105908,47 13.337600 N,060 21.948500 W,5.2,177.2,A,DoorSpread,DoorMaster,0.000000,E,P,362418.000000
Tue Sep 01 08:59:06 2020,01-Sep-2020,105909,47 13.336300 N,060 21.948400 W,5.2,177.3,A,DoorSpread,DoorMaster,0.000000,E,P,362418.000000
Tue Sep 01 08:59:10 2020,01-Sep-2020,105910,47 13.334700 N,060 21.948300 W,5.3,177.3,A,Primary,Headline,1.469388,D,S,165998.000000
Tue Sep 01 08:59:10 2020,01-Sep-2020,105911,47 13.333100 N,060 21.948200 W,5.3,177.3,A,Primary,Headline,1.469388,D,S,165998.000000
Tue Sep 01 08:59:11 2020,01-Sep-2020,105912,47 13.331500 N,060 21.948200 W,5.4,177.4,A,DoorSpread,DoorMaster,0.000000,E,P,412304.000000
Tue Sep 01 08:59:11 2020,01-Sep-2020,105913,47 13.329900 N,060 21.948100 W,5.5,177.5,A,DoorSpread,DoorMaster,0.000000,E,P,412304.000000
Tue Sep 01 08:59:11 2020,01-Sep-2020,105914,47 13.328300 N,060 21.947900 W,5.5,177.5,A,DoorSpread,DoorMaster,0.000000,E,P,412304.000000
Tue Sep 01 08:59:15 2020,01-Sep-2020,105915,47 13.327000 N,060 21.947700 W,5.4,177.3,A,Primary,Headline,1.836735,D,S,137748.000000
Tue Sep 01 08:59:16 2020,01-Sep-2020,105916,47 13.325600 N,060 21.947500 W,5.3,177.2,A,Depth,Depth,24.629630,D,S,53603.000000
Tue Sep 01 08:59:16 2020,01-Sep-2020,105917,47 13.324100 N,060 21.947500 W,5.4,177.3,A,DoorSpread,DoorMaster,0.000000,E,S,386409.000000
Tue Sep 01 08:59:16 2020,01-Sep-2020,105918,47 13.322700 N,060 21.947500 W,5.3,177.6,A,DoorSpread,DoorMaster,0.000000,E,S,386409.000000
Tue Sep 01 08:59:16 2020,01-Sep-2020,105919,47 13.321300 N,060 21.947400 W,5.3,177.7,A,DoorSpread,DoorMaster,0.000000,E,S,386409.000000
Tue Sep 01 08:59:20 2020,01-Sep-2020,105920,47 13.319700 N,060 21.947300 W,5.5,177.7,A,Primary,Headline,1.959184,D,S,188031.000000
Tue Sep 01 08:59:20 2020,01-Sep-2020,105921,47 13.318000 N,060 21.947200 W,5.6,177.8,A,Primary,Headline,1.959184,D,S,188031.000000
Tue Sep 01 08:59:21 2020,01-Sep-2020,105922,47 13.316600 N,060 21.947100 W,5.3,177.8,A,DoorSpread,DoorMaster,0.000000,E,P,646110.000000
Tue Sep 01 08:59:21 2020,01-Sep-2020,105923,47 13.315500 N,060 21.946900 W,5.2,177.5,A,DoorSpread,DoorMaster,0.000000,E,P,646110.000000
Tue Sep 01 08:59:21 2020,01-Sep-2020,105924,47 13.314100 N,060 21.946800 W,5.2,177.3,A,DoorSpread,DoorMaster,0.000000,E,P,646110.000000
Tue Sep 01 08:59:25 2020,01-Sep-2020,105925,47 13.312600 N,060 21.946700 W,5.3,177.2,A,Primary,Headline,2.204082,D,S,195457.000000
Tue Sep 01 08:59:25 2020,01-Sep-2020,105926,47 13.311100 N,060 21.946700 W,5.3,177.3,A,Primary,Headline,2.204082,D,S,195457.000000
Tue Sep 01 08:59:26 2020,01-Sep-2020,105927,47 13.309600 N,060 21.946700 W,5.4,177.2,A,DoorSpread,DoorMaster,0.000000,E,P,420440.000000
Tue Sep 01 08:59:26 2020,01-Sep-2020,105928,47 13.308000 N,060 21.946700 W,5.5,177.4,A,DoorSpread,DoorMaster,0.000000,E,P,420440.000000
Tue Sep 01 08:59:26 2020,01-Sep-2020,105929,47 13.306400 N,060 21.946700 W,5.5,177.5,A,DoorSpread,DoorMaster,0.000000,E,P,420440.000000
Tue Sep 01 08:59:26 2020,01-Sep-2020,105930,47 13.305000 N,060 21.946700 W,5.3,177.8,A,DoorSpread,DoorMaster,0.000000,E,P,420440.000000
Tue Sep 01 08:59:26 2020,01-Sep-2020,105931,47 13.303800 N,060 21.946700 W,5.2,178.0,A,DoorSpread,DoorMaster,0.000000,E,P,420440.000000
Tue Sep 01 08:59:31 2020,01-Sep-2020,105932,47 13.302500 N,060 21.946600 W,5.2,178.1,A,DoorSpread,DoorMaster,0.000000,E,P,595927.000000
Tue Sep 01 08:59:31 2020,01-Sep-2020,105933,47 13.301000 N,060 21.946700 W,5.2,178.4,A,DoorSpread,DoorMaster,0.000000,E,P,595927.000000
Tue Sep 01 08:59:31 2020,01-Sep-2020,105934,47 13.299500 N,060 21.946600 W,5.3,178.6,A,DoorSpread,DoorMaster,0.000000,E,P,595927.000000
Tue Sep 01 08:59:31 2020,01-Sep-2020,105935,47 13.297900 N,060 21.946500 W,5.5,178.6,A,DoorSpread,DoorMaster,0.000000,E,P,595927.000000
Tue Sep 01 08:59:31 2020,01-Sep-2020,105936,47 13.296300 N,060 21.946300 W,5.4,178.7,A,DoorSpread,DoorMaster,0.000000,E,P,595927.000000
Tue Sep 01 08:59:36 2020,01-Sep-2020,105937,47 13.294900 N,060 21.946200 W,5.3,178.8,A,DoorSpread,DoorMaster,0.000000,E,P,504678.000000
Tue Sep 01 08:59:36 2020,01-Sep-2020,105938,47 13.293600 N,060 21.946100 W,5.2,178.7,A,DoorSpread,DoorMaster,0.000000,E,P,504678.000000
Tue Sep 01 08:59:36 2020,01-Sep-2020,105939,47 13.292400 N,060 21.946000 W,5.1,178.7,A,DoorSpread,DoorMaster,0.000000,E,P,504678.000000
Tue Sep 01 08:59:36 2020,01-Sep-2020,105940,47 13.291100 N,060 21.945800 W,5.0,178.6,A,DoorSpread,DoorMaster,0.000000,E,P,504678.000000
Tue Sep 01 08:59:40 2020,01-Sep-2020,105941,47 13.289700 N,060 21.945700 W,5.1,178.5,A,Primary,Headline,2.265306,D,S,105390.000000
Tue Sep 01 08:59:41 2020,01-Sep-2020,105942,47 13.288200 N,060 21.945700 W,5.2,178.5,A,DoorSpread,DoorMaster,0.000000,E,S,145763.000000
Tue Sep 01 08:59:41 2020,01-Sep-2020,105943,47 13.286700 N,060 21.945700 W,5.3,178.4,A,DoorSpread,DoorMaster,0.000000,E,S,145763.000000
Tue Sep 01 08:59:41 2020,01-Sep-2020,105944,47 13.285400 N,060 21.945700 W,5.2,178.4,A,DoorSpread,DoorMaster,0.000000,E,S,145763.000000
Tue Sep 01 08:59:45 2020,01-Sep-2020,105945,47 13.284200 N,060 21.945700 W,5.2,178.2,A,Primary,Headline,2.285714,D,P,112327.000000
Tue Sep 01 08:59:45 2020,01-Sep-2020,105946,47 13.283000 N,060 21.945500 W,5.1,177.9,A,Primary,Headline,2.285714,D,P,112327.000000
Tue Sep 01 08:59:47 2020,01-Sep-2020,105947,47 13.281800 N,060 21.945400 W,5.0,177.7,A,DoorSpread,DoorMaster,0.000000,E,P,482862.000000
Tue Sep 01 08:59:47 2020,01-Sep-2020,105948,47 13.280600 N,060 21.945400 W,5.0,177.7,A,DoorSpread,DoorMaster,0.000000,E,P,482862.000000
Tue Sep 01 08:59:47 2020,01-Sep-2020,105949,47 13.279200 N,060 21.945600 W,5.1,178.0,A,DoorSpread,DoorMaster,0.000000,E,P,482862.000000
Tue Sep 01 08:59:47 2020,01-Sep-2020,105950,47 13.277800 N,060 21.945700 W,5.2,178.3,A,DoorSpread,DoorMaster,0.000000,E,P,482862.000000
Tue Sep 01 08:59:47 2020,01-Sep-2020,105951,47 13.276300 N,060 21.945700 W,5.2,178.5,A,DoorSpread,DoorMaster,0.000000,E,P,482862.000000
Tue Sep 01 08:59:52 2020,01-Sep-2020,105952,47 13.274800 N,060 21.945800 W,5.2,178.6,A,DoorSpread,DoorMaster,0.000000,E,S,604650.000000
Tue Sep 01 08:59:52 2020,01-Sep-2020,105953,47 13.273300 N,060 21.946000 W,5.2,178.7,A,DoorSpread,DoorMaster,0.000000,E,S,604650.000000
Tue Sep 01 08:59:52 2020,01-Sep-2020,105954,47 13.271800 N,060 21.946200 W,5.1,178.8,A,DoorSpread,DoorMaster,0.000000,E,S,604650.000000
Tue Sep 01 08:59:52 2020,01-Sep-2020,105955,47 13.270300 N,060 21.946000 W,5.1,178.7,A,DoorSpread,DoorMaster,0.000000,E,S,604650.000000
Tue Sep 01 08:59:55 2020,01-Sep-2020,105956,47 13.268700 N,060 21.945800 W,5.1,178.6,A,Primary,Headline,2.285714,D,S,39214.000000
Tue Sep 01 08:59:57 2020,01-Sep-2020,105957,47 13.267100 N,060 21.945700 W,5.3,178.8,A,DoorSpread,DoorMaster,0.000000,E,P,271594.000000
Tue Sep 01 08:59:57 2020,01-Sep-2020,105958,47 13.265500 N,060 21.945800 W,5.2,178.9,A,DoorSpread,DoorMaster,0.000000,E,P,271594.000000
Tue Sep 01 08:59:58 2020,01-Sep-2020,105959,47 13.264200 N,060 21.945600 W,5.1,178.4,A,Depth,Depth,32.037037,D,P,66924.000000
Tue Sep 01 08:59:58 2020,01-Sep-2020,110000,47 13.262900 N,060 21.945400 W,5.2,178.0,A,Depth,Depth,32.037037,D,P,66924.000000
Tue Sep 01 09:00:00 2020,01-Sep-2020,110001,47 13.261300 N,060 21.945300 W,5.3,178.0,A,Primary,Headline,1.714286,D,S,133451.000000
Tue Sep 01 09:00:02 2020,01-Sep-2020,110002,47 13.259800 N,060 21.945200 W,5.3,178.0,A,DoorSpread,DoorMaster,0.000000,E,P,371039.000000
Tue Sep 01 09:00:02 2020,01-Sep-2020,110003,47 13.258300 N,060 21.945100 W,5.2,178.1,A,DoorSpread,DoorMaster,0.000000,E,P,371039.000000
Tue Sep 01 09:00:02 2020,01-Sep-2020,110004,47 13.256900 N,060 21.945000 W,5.2,178.3,A,DoorSpread,DoorMaster,0.000000,E,P,371039.000000
Tue Sep 01 09:00:02 2020,01-Sep-2020,110005,47 13.255500 N,060 21.945000 W,5.2,178.3,A,DoorSpread,DoorMaster,0.000000,E,P,371039.000000
Tue Sep 01 09:00:06 2020,01-Sep-2020,110006,47 13.254000 N,060 21.944900 W,5.2,178.3,A,Depth,Depth,43.148148,D,S,43407.000000
Tue Sep 01 09:00:07 2020,01-Sep-2020,110007,47 13.252600 N,060 21.945000 W,5.2,178.5,A,DoorSpread,DoorMaster,0.000000,E,S,384009.000000
Tue Sep 01 09:00:07 2020,01-Sep-2020,110008,47 13.251200 N,060 21.945000 W,5.1,178.6,A,DoorSpread,DoorMaster,0.000000,E,S,384009.000000
Tue Sep 01 09:00:07 2020,01-Sep-2020,110009,47 13.249900 N,060 21.944900 W,5.1,178.6,A,DoorSpread,DoorMaster,0.000000,E,S,384009.000000
Tue Sep 01 09:00:07 2020,01-Sep-2020,110010,47 13.248600 N,060 21.945000 W,5.1,178.7,A,DoorSpread,DoorMaster,0.000000,E,S,384009.000000
Tue Sep 01 09:00:10 2020,01-Sep-2020,110011,47 13.247200 N,060 21.945100 W,5.1,178.8,A,Primary,Headline,2.775510,D,S,62926.000000
Tue Sep 01 09:00:12 2020,01-Sep-2020,110012,47 13.245900 N,060 21.945200 W,5.1,178.9,A,DoorSpread,DoorMaster,0.000000,E,S,288955.000000
Tue Sep 01 09:00:13 2020,01-Sep-2020,110013,47 13.244400 N,060 21.945300 W,5.1,179.0,A,Depth,Depth,36.296296,D,S,72306.000000
Tue Sep 01 09:00:13 2020,01-Sep-2020,110014,47 13.243000 N,060 21.945300 W,5.2,179.2,A,Depth,Depth,36.296296,D,S,72306.000000
Tue Sep 01 09:00:13 2020,01-Sep-2020,110015,47 13.241500 N,060 21.945500 W,5.2,179.5,A,Depth,Depth,36.296296,D,S,72306.000000
Tue Sep 01 09:00:15 2020,01-Sep-2020,110016,47 13.240100 N,060 21.945600 W,5.2,179.7,A,Primary,Headline,1.632653,D,S,108351.000000
Tue Sep 01 09:00:17 2020,01-Sep-2020,110017,47 13.238700 N,060 21.945700 W,5.1,179.8,A,DoorSpread,DoorMaster,0.000000,E,S,390303.000000
Tue Sep 01 09:00:17 2020,01-Sep-2020,110018,47 13.237400 N,060 21.945800 W,5.1,179.9,A,DoorSpread,DoorMaster,0.000000,E,S,390303.000000
Tue Sep 01 09:00:17 2020,01-Sep-2020,110019,47 13.235900 N,060 21.945900 W,5.2,180.0,A,DoorSpread,DoorMaster,0.000000,E,S,390303.000000
Tue Sep 01 09:00:20 2020,01-Sep-2020,110020,47 13.234400 N,060 21.946000 W,5.2,180.3,A,Depth,Depth,39.814815,D,S,124684.000000
Tue Sep 01 09:00:20 2020,01-Sep-2020,110021,47 13.233000 N,060 21.946100 W,5.1,180.9,A,Primary,Headline,1.795918,D,S,181417.000000
Tue Sep 01 09:00:22 2020,01-Sep-2020,110022,47 13.231600 N,060 21.946200 W,5.2,181.3,A,DoorSpread,DoorMaster,0.000000,E,S,158079.000000
Tue Sep 01 09:00:22 2020,01-Sep-2020,110023,47 13.229900 N,060 21.946100 W,5.3,181.4,A,DoorSpread,DoorMaster,0.000000,E,S,158079.000000
Tue Sep 01 09:00:22 2020,01-Sep-2020,110024,47 13.228300 N,060 21.945900 W,5.3,181.4,A,DoorSpread,DoorMaster,0.000000,E,S,158079.000000
Tue Sep 01 09:00:22 2020,01-Sep-2020,110025,47 13.227000 N,060 21.945800 W,5.2,181.5,A,DoorSpread,DoorMaster,0.000000,E,S,158079.000000
Tue Sep 01 09:00:25 2020,01-Sep-2020,110026,47 13.225800 N,060 21.945800 W,5.0,181.7,A,Primary,Headline,2.285714,D,P,89601.000000
Tue Sep 01 09:00:27 2020,01-Sep-2020,110027,47 13.224500 N,060 21.945800 W,5.1,181.9,A,Depth,Depth,44.166667,D,P,103150.000000
Tue Sep 01 09:00:27 2020,01-Sep-2020,110028,47 13.223100 N,060 21.945900 W,5.0,182.6,A,Depth,Depth,44.166667,D,P,103150.000000
Tue Sep 01 09:00:27 2020,01-Sep-2020,110029,47 13.221800 N,060 21.945900 W,5.0,182.8,A,Depth,Depth,44.166667,D,P,103150.000000
Tue Sep 01 09:00:27 2020,01-Sep-2020,110030,47 13.220400 N,060 21.945900 W,5.1,182.7,A,Depth,Depth,44.166667,D,P,103150.000000
Tue Sep 01 09:00:27 2020,01-Sep-2020,110031,47 13.218800 N,060 21.945900 W,5.2,182.4,A,Depth,Depth,44.166667,D,P,103150.000000
Tue Sep 01 09:00:32 2020,01-Sep-2020,110032,47 13.217200 N,060 21.945900 W,5.2,182.3,A,DoorSpread,DoorMaster,0.000000,E,P,343100.000000
Tue Sep 01 09:00:32 2020,01-Sep-2020,110033,47 13.215800 N,060 21.946000 W,5.2,182.4,A,DoorSpread,DoorMaster,0.000000,E,P,343100.000000
Tue Sep 01 09:00:34 2020,01-Sep-2020,110034,47 13.214600 N,060 21.946100 W,5.0,182.6,A,Depth,Depth,47.962963,D,P,62360.000000
Tue Sep 01 09:00:34 2020,01-Sep-2020,110035,47 13.213400 N,060 21.946100 W,5.0,182.5,A,Depth,Depth,47.962963,D,P,62360.000000
Tue Sep 01 09:00:34 2020,01-Sep-2020,110036,47 13.212100 N,060 21.946000 W,5.0,182.4,A,Depth,Depth,47.962963,D,P,62360.000000
Tue Sep 01 09:00:37 2020,01-Sep-2020,110037,47 13.210900 N,060 21.946100 W,4.9,182.0,A,DoorSpread,DoorMaster,0.000000,E,S,78777.000000
Tue Sep 01 09:00:37 2020,01-Sep-2020,110038,47 13.209600 N,060 21.946000 W,5.0,181.7,A,DoorSpread,DoorMaster,0.000000,E,S,78777.000000
Tue Sep 01 09:00:37 2020,01-Sep-2020,110039,47 13.208300 N,060 21.946000 W,5.0,181.6,A,DoorSpread,DoorMaster,0.000000,E,S,78777.000000
Tue Sep 01 09:00:37 2020,01-Sep-2020,110040,47 13.207100 N,060 21.946000 W,4.9,181.6,A,DoorSpread,DoorMaster,0.000000,E,S,78777.000000
Tue Sep 01 09:00:41 2020,01-Sep-2020,110041,47 13.205700 N,060 21.946100 W,5.0,181.6,A,Primary,Headline,1.183673,D,P,92111.000000
Tue Sep 01 09:00:41 2020,01-Sep-2020,110042,47 13.204200 N,060 21.946100 W,5.1,181.7,A,Primary,Headline,1.183673,D,P,92111.000000
Tue Sep 01 09:00:41 2020,01-Sep-2020,110043,47 13.202800 N,060 21.946000 W,5.1,181.6,A,Primary,Headline,1.183673,D,P,92111.000000
Tue Sep 01 09:00:41 2020,01-Sep-2020,110044,47 13.201300 N,060 21.946000 W,5.2,181.2,A,Primary,Headline,1.183673,D,P,92111.000000
Tue Sep 01 09:00:41 2020,01-Sep-2020,110045,47 13.199800 N,060 21.945800 W,5.2,180.7,A,Primary,Headline,1.183673,D,P,92111.000000
Tue Sep 01 09:00:46 2020,01-Sep-2020,110046,47 13.198300 N,060 21.945600 W,5.2,180.3,A,Primary,Headline,2.326531,D,S,36231.000000
Tue Sep 01 09:00:46 2020,01-Sep-2020,110047,47 13.196800 N,060 21.945500 W,5.2,180.0,A,Primary,Headline,2.326531,D,S,36231.000000
Tue Sep 01 09:00:46 2020,01-Sep-2020,110048,47 13.195300 N,060 21.945500 W,5.2,179.7,A,Primary,Headline,2.326531,D,S,36231.000000
Tue Sep 01 09:00:49 2020,01-Sep-2020,110049,47 13.193800 N,060 21.945600 W,5.2,179.8,A,Depth,Depth,47.777778,D,S,57365.000000
Tue Sep 01 09:00:49 2020,01-Sep-2020,110050,47 13.192300 N,060 21.945600 W,5.2,179.8,A,Depth,Depth,47.777778,D,S,57365.000000
Tue Sep 01 09:00:49 2020,01-Sep-2020,110051,47 13.191100 N,060 21.945500 W,5.0,179.6,A,Depth,Depth,47.777778,D,S,57365.000000
Tue Sep 01 09:00:52 2020,01-Sep-2020,110052,47 13.190000 N,060 21.945100 W,4.9,178.7,A,DoorSpread,DoorMaster,0.000000,E,P,431705.000000
Tue Sep 01 09:00:52 2020,01-Sep-2020,110053,47 13.188700 N,060 21.945000 W,5.0,177.9,A,DoorSpread,DoorMaster,0.000000,E,P,431705.000000
Tue Sep 01 09:00:52 2020,01-Sep-2020,110054,47 13.187200 N,060 21.945100 W,5.1,177.7,A,DoorSpread,DoorMaster,0.000000,E,P,431705.000000
Tue Sep 01 09:00:52 2020,01-Sep-2020,110055,47 13.185800 N,060 21.945300 W,5.0,177.9,A,DoorSpread,DoorMaster,0.000000,E,P,431705.000000
Tue Sep 01 09:00:56 2020,01-Sep-2020,110056,47 13.184600 N,060 21.945300 W,4.9,177.9,A,Primary,Headline,2.020408,D,P,139326.000000
Tue Sep 01 09:00:57 2020,01-Sep-2020,110057,47 13.183200 N,060 21.945300 W,5.0,177.9,A,DoorSpread,DoorMaster,0.000000,E,S,105630.000000
Tue Sep 01 09:00:57 2020,01-Sep-2020,110058,47 13.181800 N,060 21.945100 W,5.0,177.8,A,DoorSpread,DoorMaster,0.000000,E,S,105630.000000
Tue Sep 01 09:00:57 2020,01-Sep-2020,110059,47 13.180500 N,060 21.944800 W,4.9,177.4,A,DoorSpread,DoorMaster,0.000000,E,S,105630.000000
Tue Sep 01 09:00:57 2020,01-Sep-2020,110100,47 13.179200 N,060 21.944500 W,4.9,177.1,A,DoorSpread,DoorMaster,0.000000,E,S,105630.000000
Tue Sep 01 09:00:57 2020,01-Sep-2020,110101,47 13.177800 N,060 21.944500 W,4.9,177.1,A,DoorSpread,DoorMaster,0.000000,E,S,105630.000000
Tue Sep 01 09:01:02 2020,01-Sep-2020,110102,47 13.176300 N,060 21.944500 W,5.0,177.3,A,DoorSpread,DoorMaster,0.000000,E,S,229387.000000
Tue Sep 01 09:01:02 2020,01-Sep-2020,110103,47 13.174700 N,060 21.944400 W,5.1,177.6,A,DoorSpread,DoorMaster,0.000000,E,S,229387.000000
Tue Sep 01 09:01:02 2020,01-Sep-2020,110104,47 13.173200 N,060 21.944200 W,5.2,177.7,A,DoorSpread,DoorMaster,0.000000,E,S,229387.000000
Tue Sep 01 09:01:02 2020,01-Sep-2020,110105,47 13.171800 N,060 21.944200 W,5.2,177.7,A,DoorSpread,DoorMaster,0.000000,E,S,229387.000000
Tue Sep 01 09:01:02 2020,01-Sep-2020,110106,47 13.170400 N,060 21.944000 W,5.1,177.6,A,DoorSpread,DoorMaster,0.000000,E,S,229387.000000
Tue Sep 01 09:01:07 2020,01-Sep-2020,110107,47 13.169000 N,060 21.943900 W,5.2,177.5,A,DoorSpread,DoorMaster,0.000000,E,S,193271.000000
Tue Sep 01 09:01:07 2020,01-Sep-2020,110108,47 13.167600 N,060 21.943900 W,5.1,177.6,A,DoorSpread,DoorMaster,0.000000,E,S,193271.000000
Tue Sep 01 09:01:07 2020,01-Sep-2020,110109,47 13.166400 N,060 21.944000 W,5.0,177.7,A,DoorSpread,DoorMaster,0.000000,E,S,193271.000000
Tue Sep 01 09:01:07 2020,01-Sep-2020,110110,47 13.165200 N,060 21.944000 W,4.9,177.6,A,DoorSpread,DoorMaster,0.000000,E,S,193271.000000
Tue Sep 01 09:01:10 2020,01-Sep-2020,110111,47 13.163700 N,060 21.944200 W,5.2,177.7,A,Depth,Depth,80.185185,D,S,47400.000000
Tue Sep 01 09:01:12 2020,01-Sep-2020,110112,47 13.161900 N,060 21.944200 W,5.4,177.7,A,DoorSpread,DoorMaster,0.000000,E,S,417936.000000
Tue Sep 01 09:01:12 2020,01-Sep-2020,110113,47 13.160200 N,060 21.944200 W,5.5,177.8,A,DoorSpread,DoorMaster,0.000000,E,S,417936.000000
Tue Sep 01 09:01:12 2020,01-Sep-2020,110114,47 13.158600 N,060 21.944200 W,5.5,177.8,A,DoorSpread,DoorMaster,0.000000,E,S,417936.000000
Tue Sep 01 09:01:12 2020,01-Sep-2020,110115,47 13.157100 N,060 21.944100 W,5.6,177.9,A,DoorSpread,DoorMaster,0.000000,E,S,417936.000000
Tue Sep 01 09:01:12 2020,01-Sep-2020,110116,47 13.155700 N,060 21.944100 W,5.4,178.1,A,DoorSpread,DoorMaster,0.000000,E,S,417936.000000
Tue Sep 01 09:01:17 2020,01-Sep-2020,110117,47 13.154500 N,060 21.944200 W,5.3,178.4,A,DoorSpread,DoorMaster,0.000000,E,P,441244.000000
Tue Sep 01 09:01:17 2020,01-Sep-2020,110118,47 13.153400 N,060 21.944300 W,5.2,178.6,A,Depth,Depth,49.814815,D,P,121052.000000
Tue Sep 01 09:01:17 2020,01-Sep-2020,110119,47 13.152100 N,060 21.944400 W,5.1,178.6,A,Depth,Depth,49.814815,D,P,121052.000000
Tue Sep 01 09:01:17 2020,01-Sep-2020,110120,47 13.150900 N,060 21.944500 W,5.1,178.6,A,Depth,Depth,49.814815,D,P,121052.000000
Tue Sep 01 09:01:17 2020,01-Sep-2020,110121,47 13.149500 N,060 21.944500 W,5.2,178.6,A,Depth,Depth,49.814815,D,P,121052.000000
Tue Sep 01 09:01:17 2020,01-Sep-2020,110122,47 13.148000 N,060 21.944400 W,5.3,178.5,A,Depth,Depth,49.814815,D,P,121052.000000
Tue Sep 01 09:01:22 2020,01-Sep-2020,110123,47 13.146400 N,060 21.944300 W,5.3,178.5,A,DoorSpread,DoorMaster,0.000000,E,P,211729.000000
Tue Sep 01 09:01:22 2020,01-Sep-2020,110124,47 13.145000 N,060 21.944200 W,5.3,178.7,A,DoorSpread,DoorMaster,0.000000,E,P,211729.000000
Tue Sep 01 09:01:25 2020,01-Sep-2020,110125,47 13.143700 N,060 21.944100 W,5.1,178.7,A,Depth,Depth,59.537037,D,P,85630.000000
Tue Sep 01 09:01:25 2020,01-Sep-2020,110126,47 13.142400 N,060 21.944000 W,5.0,178.5,A,Depth,Depth,59.537037,D,P,85630.000000
Tue Sep 01 09:01:27 2020,01-Sep-2020,110127,47 13.141100 N,060 21.943900 W,5.0,178.4,A,DoorSpread,DoorMaster,0.000000,E,P,148962.000000
Tue Sep 01 09:01:27 2020,01-Sep-2020,110128,47 13.139700 N,060 21.943800 W,5.0,178.3,A,DoorSpread,DoorMaster,0.000000,E,P,148962.000000
Tue Sep 01 09:01:27 2020,01-Sep-2020,110129,47 13.138200 N,060 21.943800 W,5.0,178.2,A,DoorSpread,DoorMaster,0.000000,E,P,148962.000000
Tue Sep 01 09:01:27 2020,01-Sep-2020,110130,47 13.136600 N,060 21.943900 W,5.2,178.4,A,DoorSpread,DoorMaster,0.000000,E,P,148962.000000
Tue Sep 01 09:01:27 2020,01-Sep-2020,110131,47 13.135100 N,060 21.944100 W,5.0,179.0,A,DoorSpread,DoorMaster,0.000000,E,P,148962.000000
Tue Sep 01 09:01:27 2020,01-Sep-2020,110132,47 13.133900 N,060 21.944200 W,4.8,179.2,A,DoorSpread,DoorMaster,0.000000,E,P,148962.000000
Tue Sep 01 09:01:27 2020,01-Sep-2020,110133,47 13.132600 N,060 21.944000 W,4.9,179.0,A,DoorSpread,DoorMaster,0.000000,E,P,148962.000000
Tue Sep 01 09:01:27 2020,01-Sep-2020,110134,47 13.131100 N,060 21.943800 W,5.1,178.9,A,DoorSpread,DoorMaster,0.000000,E,P,148962.000000
Tue Sep 01 09:01:27 2020,01-Sep-2020,110135,47 13.129500 N,060 21.943800 W,5.1,179.0,A,DoorSpread,DoorMaster,0.000000,E,P,148962.000000
Tue Sep 01 09:01:27 2020,01-Sep-2020,110136,47 13.128200 N,060 21.943800 W,4.9,179.0,A,DoorSpread,DoorMaster,0.000000,E,P,148962.000000
Tue Sep 01 09:01:27 2020,01-Sep-2020,110137,47 13.127000 N,060 21.943800 W,4.9,178.8,A,DoorSpread,DoorMaster,0.000000,E,P,148962.000000
Tue Sep 01 09:01:27 2020,01-Sep-2020,110138,47 13.125800 N,060 21.943900 W,4.8,179.0,A,DoorSpread,DoorMaster,0.000000,E,P,148962.000000
Tue Sep 01 09:01:27 2020,01-Sep-2020,110139,47 13.124400 N,060 21.944000 W,4.9,179.2,A,DoorSpread,DoorMaster,0.000000,E,P,148962.000000
Tue Sep 01 09:01:27 2020,01-Sep-2020,110140,47 13.123000 N,060 21.943900 W,5.0,179.2,A,DoorSpread,DoorMaster,0.000000,E,P,148962.000000
Tue Sep 01 09:01:27 2020,01-Sep-2020,110141,47 13.121500 N,060 21.943700 W,5.0,179.1,A,DoorSpread,DoorMaster,0.000000,E,P,148962.000000
Tue Sep 01 09:01:27 2020,01-Sep-2020,110142,47 13.119900 N,060 21.943500 W,5.1,179.1,A,DoorSpread,DoorMaster,0.000000,E,P,148962.000000
Tue Sep 01 09:01:42 2020,01-Sep-2020,110143,47 13.118300 N,060 21.943400 W,5.2,179.1,A,DoorSpread,DoorMaster,0.000000,E,P,226331.000000
Tue Sep 01 09:01:42 2020,01-Sep-2020,110144,47 13.116700 N,060 21.943500 W,5.2,179.1,A,DoorSpread,DoorMaster,0.000000,E,P,226331.000000
Tue Sep 01 09:01:42 2020,01-Sep-2020,110145,47 13.115200 N,060 21.943400 W,5.2,179.2,A,DoorSpread,DoorMaster,0.000000,E,P,226331.000000
Tue Sep 01 09:01:46 2020,01-Sep-2020,110146,47 13.113700 N,060 21.943400 W,5.2,179.3,A,Depth,Depth,59.907407,D,S,93497.000000
Tue Sep 01 09:01:46 2020,01-Sep-2020,110147,47 13.112300 N,060 21.943300 W,5.2,179.3,A,Depth,Depth,59.907407,D,S,93497.000000
Tue Sep 01 09:01:47 2020,01-Sep-2020,110148,47 13.110600 N,060 21.943200 W,5.3,179.3,A,DoorSpread,DoorMaster,0.000000,E,P,129445.000000
Tue Sep 01 09:01:47 2020,01-Sep-2020,110149,47 13.109100 N,060 21.943100 W,5.3,179.4,A,DoorSpread,DoorMaster,0.000000,E,P,129445.000000
Tue Sep 01 09:01:47 2020,01-Sep-2020,110150,47 13.107700 N,060 21.943000 W,5.3,179.5,A,DoorSpread,DoorMaster,0.000000,E,P,129445.000000
Tue Sep 01 09:01:47 2020,01-Sep-2020,110151,47 13.106200 N,060 21.942900 W,5.3,179.5,A,DoorSpread,DoorMaster,0.000000,E,P,129445.000000
Tue Sep 01 09:01:47 2020,01-Sep-2020,110152,47 13.105000 N,060 21.942800 W,5.2,179.2,A,DoorSpread,DoorMaster,0.000000,E,P,129445.000000
Tue Sep 01 09:01:52 2020,01-Sep-2020,110153,47 13.103600 N,060 21.942700 W,5.2,178.8,A,DoorSpread,DoorMaster,0.000000,E,S,520418.000000
Tue Sep 01 09:01:53 2020,01-Sep-2020,110154,47 13.102000 N,060 21.942700 W,5.2,178.5,A,Depth,Depth,64.166667,D,S,57303.000000
Tue Sep 01 09:01:53 2020,01-Sep-2020,110155,47 13.100500 N,060 21.942700 W,5.3,178.4,A,Depth,Depth,64.166667,D,S,57303.000000
Tue Sep 01 09:01:53 2020,01-Sep-2020,110156,47 13.098900 N,060 21.942800 W,5.3,178.5,A,Depth,Depth,64.166667,D,S,57303.000000
Tue Sep 01 09:01:53 2020,01-Sep-2020,110157,47 13.097500 N,060 21.942800 W,5.2,178.5,A,Depth,Depth,64.166667,D,S,57303.000000
Tue Sep 01 09:01:57 2020,01-Sep-2020,110158,47 13.096200 N,060 21.942700 W,5.1,178.3,A,DoorSpread,DoorMaster,0.000000,E,P,224177.000000
Tue Sep 01 09:01:57 2020,01-Sep-2020,110159,47 13.095000 N,060 21.942700 W,5.1,177.9,A,DoorSpread,DoorMaster,0.000000,E,P,224177.000000
Tue Sep 01 09:01:57 2020,01-Sep-2020,110200,47 13.093600 N,060 21.942500 W,5.1,177.5,A,DoorSpread,DoorMaster,0.000000,E,P,224177.000000
Tue Sep 01 09:02:01 2020,01-Sep-2020,110201,47 13.091900 N,060 21.942400 W,5.5,177.3,A,Depth,Depth,64.814815,D,S,50580.000000
Tue Sep 01 09:02:01 2020,01-Sep-2020,110202,47 13.089900 N,060 21.942500 W,5.7,177.6,A,Depth,Depth,64.814815,D,S,50580.000000
Tue Sep 01 09:02:02 2020,01-Sep-2020,110203,47 13.088200 N,060 21.942600 W,5.7,177.8,A,DoorSpread,DoorMaster,0.000000,E,S,523960.000000
Tue Sep 01 09:02:02 2020,01-Sep-2020,110204,47 13.086700 N,060 21.942600 W,5.6,178.0,A,DoorSpread,DoorMaster,0.000000,E,S,523960.000000
Tue Sep 01 09:02:02 2020,01-Sep-2020,110205,47 13.085300 N,060 21.942500 W,5.6,178.2,A,DoorSpread,DoorMaster,0.000000,E,S,523960.000000
Tue Sep 01 09:02:02 2020,01-Sep-2020,110206,47 13.084000 N,060 21.942400 W,5.3,178.2,A,DoorSpread,DoorMaster,0.000000,E,S,523960.000000
Tue Sep 01 09:02:06 2020,01-Sep-2020,110207,47 13.083100 N,060 21.942200 W,5.1,178.1,A,Primary,Headline,8.122449,D,S,43089.000000
Tue Sep 01 09:02:07 2020,01-Sep-2020,110208,47 13.082000 N,060 21.942200 W,5.0,178.0,A,DoorSpread,DoorMaster,0.000000,E,S,244665.000000
Tue Sep 01 09:02:07 2020,01-Sep-2020,110209,47 13.080700 N,060 21.942400 W,5.1,178.1,A,DoorSpread,DoorMaster,0.000000,E,S,244665.000000
Tue Sep 01 09:02:07 2020,01-Sep-2020,110210,47 13.079300 N,060 21.942600 W,5.2,178.5,A,DoorSpread,DoorMaster,0.000000,E,S,244665.000000
Tue Sep 01 09:02:11 2020,01-Sep-2020,110211,47 13.077900 N,060 21.942700 W,5.2,178.8,A,Secondary,Headline,0.000000,E,S,91934.000000
Tue Sep 01 09:02:11 2020,01-Sep-2020,110212,47 13.076500 N,060 21.942700 W,5.2,178.9,A,Secondary,Headline,0.000000,E,S,91934.000000
Tue Sep 01 09:02:12 2020,01-Sep-2020,110213,47 13.075200 N,060 21.942500 W,5.1,178.6,A,DoorSpread,DoorMaster,0.000000,E,S,182475.000000
Tue Sep 01 09:02:12 2020,01-Sep-2020,110214,47 13.074000 N,060 21.942300 W,5.0,178.5,A,DoorSpread,DoorMaster,0.000000,E,S,182475.000000
Tue Sep 01 09:02:15 2020,01-Sep-2020,110215,47 13.073000 N,060 21.942400 W,4.8,178.6,A,Depth,Depth,67.037037,D,P,150404.000000
Tue Sep 01 09:02:16 2020,01-Sep-2020,110216,47 13.071800 N,060 21.942400 W,4.8,179.0,A,Primary,Headline,2.224490,D,S,50260.000000
Tue Sep 01 09:02:16 2020,01-Sep-2020,110217,47 13.070400 N,060 21.942400 W,4.9,179.4,A,Primary,Headline,2.224490,D,S,50260.000000
Tue Sep 01 09:02:18 2020,01-Sep-2020,110218,47 13.068900 N,060 21.942300 W,5.2,179.8,A,DoorSpread,DoorMaster,0.000000,E,P,155153.000000
Tue Sep 01 09:02:18 2020,01-Sep-2020,110219,47 13.067300 N,060 21.942400 W,5.3,180.2,A,DoorSpread,DoorMaster,0.000000,E,P,155153.000000
Tue Sep 01 09:02:18 2020,01-Sep-2020,110220,47 13.065800 N,060 21.942400 W,5.3,180.5,A,DoorSpread,DoorMaster,0.000000,E,P,155153.000000
Tue Sep 01 09:02:18 2020,01-Sep-2020,110221,47 13.064400 N,060 21.942400 W,5.2,180.6,A,DoorSpread,DoorMaster,0.000000,E,P,155153.000000
Tue Sep 01 09:02:21 2020,01-Sep-2020,110222,47 13.063200 N,060 21.942300 W,5.1,180.5,A,Primary,Headline,1.510204,D,S,64885.000000
Tue Sep 01 09:02:23 2020,01-Sep-2020,110223,47 13.062100 N,060 21.942200 W,4.9,180.2,A,DoorSpread,DoorMaster,0.000000,E,S,297147.000000
Tue Sep 01 09:02:23 2020,01-Sep-2020,110224,47 13.061000 N,060 21.942200 W,4.8,180.1,A,DoorSpread,DoorMaster,0.000000,E,S,297147.000000
Tue Sep 01 09:02:23 2020,01-Sep-2020,110225,47 13.059800 N,060 21.942300 W,4.8,180.1,A,DoorSpread,DoorMaster,0.000000,E,S,297147.000000
Tue Sep 01 09:02:23 2020,01-Sep-2020,110226,47 13.058400 N,060 21.942500 W,4.9,180.4,A,DoorSpread,DoorMaster,0.000000,E,S,297147.000000
Tue Sep 01 09:02:26 2020,01-Sep-2020,110227,47 13.057000 N,060 21.942700 W,4.9,180.8,A,Primary,Headline,3.510204,D,S,26884.000000
Tue Sep 01 09:02:28 2020,01-Sep-2020,110228,47 13.055500 N,060 21.942800 W,5.0,181.1,A,DoorSpread,DoorMaster,0.000000,E,S,136077.000000
Tue Sep 01 09:02:28 2020,01-Sep-2020,110229,47 13.054000 N,060 21.942700 W,5.0,181.2,A,DoorSpread,DoorMaster,0.000000,E,S,136077.000000
Tue Sep 01 09:02:28 2020,01-Sep-2020,110230,47 13.052600 N,060 21.942800 W,5.0,181.2,A,DoorSpread,DoorMaster,0.000000,E,S,136077.000000
Tue Sep 01 09:02:28 2020,01-Sep-2020,110231,47 13.051400 N,060 21.942900 W,4.9,181.3,A,DoorSpread,DoorMaster,0.000000,E,S,136077.000000
Tue Sep 01 09:02:31 2020,01-Sep-2020,110232,47 13.050100 N,060 21.943100 W,4.9,181.6,A,Primary,Headline,3.122449,D,P,97442.000000
Tue Sep 01 09:02:31 2020,01-Sep-2020,110233,47 13.048900 N,060 21.943200 W,4.8,181.6,A,Primary,Headline,3.122449,D,P,97442.000000
Tue Sep 01 09:02:33 2020,01-Sep-2020,110234,47 13.047700 N,060 21.943300 W,4.8,181.4,A,DoorSpread,DoorMaster,9.750000,D,P,340298.000000
Tue Sep 01 09:02:33 2020,01-Sep-2020,110235,47 13.046300 N,060 21.943300 W,4.9,181.3,A,DoorSpread,DoorMaster,9.750000,D,P,340298.000000
Tue Sep 01 09:02:33 2020,01-Sep-2020,110236,47 13.045000 N,060 21.943400 W,4.9,181.3,A,DoorSpread,DoorMaster,9.750000,D,P,340298.000000
Tue Sep 01 09:02:36 2020,01-Sep-2020,110237,47 13.043700 N,060 21.943500 W,4.9,181.5,A,Primary,Headline,1.571429,D,P,111377.000000
Tue Sep 01 09:02:36 2020,01-Sep-2020,110238,47 13.042200 N,060 21.943500 W,5.0,181.6,A,Primary,Headline,1.571429,D,P,111377.000000
Tue Sep 01 09:02:38 2020,01-Sep-2020,110239,47 13.040700 N,060 21.943700 W,5.1,181.8,A,DoorSpread,DoorMaster,0.000000,E,S,104107.000000
Tue Sep 01 09:02:38 2020,01-Sep-2020,110240,47 13.039300 N,060 21.943800 W,5.0,181.9,A,DoorSpread,DoorMaster,0.000000,E,S,104107.000000
Tue Sep 01 09:02:38 2020,01-Sep-2020,110241,47 13.037900 N,060 21.944000 W,5.0,181.7,A,DoorSpread,DoorMaster,0.000000,E,S,104107.000000
Tue Sep 01 09:02:41 2020,01-Sep-2020,110242,47 13.036600 N,060 21.944100 W,4.9,181.5,A,Primary,Headline,1.775510,D,P,130529.000000
Tue Sep 01 09:02:41 2020,01-Sep-2020,110243,47 13.035100 N,060 21.944200 W,4.9,181.6,A,Primary,Headline,1.775510,D,P,130529.000000
Tue Sep 01 09:02:44 2020,01-Sep-2020,110244,47 13.033600 N,060 21.944300 W,4.9,181.8,A,Depth,Depth,96.574074,D,S,46057.000000
Tue Sep 01 09:02:44 2020,01-Sep-2020,110245,47 13.032400 N,060 21.944200 W,4.7,181.7,A,Depth,Depth,96.574074,D,S,46057.000000
Tue Sep 01 09:02:44 2020,01-Sep-2020,110246,47 13.031300 N,060 21.944100 W,4.7,181.3,A,Depth,Depth,96.574074,D,S,46057.000000
Tue Sep 01 09:02:47 2020,01-Sep-2020,110247,47 13.029700 N,060 21.944100 W,4.9,181.1,A,Primary,Headline,1.979592,D,S,149550.000000
Tue Sep 01 09:02:47 2020,01-Sep-2020,110248,47 13.028100 N,060 21.944300 W,5.0,181.1,A,Primary,Headline,1.979592,D,S,149550.000000
Tue Sep 01 09:02:49 2020,01-Sep-2020,110249,47 13.026600 N,060 21.944300 W,5.0,181.1,A,DoorSpread,DoorMaster,0.000000,E,S,83639.000000
Tue Sep 01 09:02:49 2020,01-Sep-2020,110250,47 13.025300 N,060 21.944400 W,5.0,181.2,A,DoorSpread,DoorMaster,0.000000,E,S,83639.000000
Tue Sep 01 09:02:49 2020,01-Sep-2020,110251,47 13.024000 N,060 21.944500 W,4.9,181.5,A,DoorSpread,DoorMaster,0.000000,E,S,83639.000000
Tue Sep 01 09:02:52 2020,01-Sep-2020,110252,47 13.022600 N,060 21.944600 W,5.0,181.8,A,Primary,Headline,7.836735,D,S,39723.000000
Tue Sep 01 09:02:52 2020,01-Sep-2020,110253,47 13.021100 N,060 21.944500 W,5.1,181.8,A,Primary,Headline,7.836735,D,S,39723.000000
Tue Sep 01 09:02:54 2020,01-Sep-2020,110254,47 13.019700 N,060 21.944100 W,4.9,181.0,A,DoorSpread,DoorMaster,0.000000,E,P,121744.000000
Tue Sep 01 09:02:54 2020,01-Sep-2020,110255,47 13.018400 N,060 21.943900 W,4.8,180.4,A,DoorSpread,DoorMaster,0.000000,E,P,121744.000000
Tue Sep 01 09:02:54 2020,01-Sep-2020,110256,47 13.017000 N,060 21.943800 W,4.9,180.1,A,DoorSpread,DoorMaster,0.000000,E,P,121744.000000
Tue Sep 01 09:02:57 2020,01-Sep-2020,110257,47 13.015500 N,060 21.943800 W,5.0,180.0,A,Secondary,Headline,0.000000,E,S,68139.000000
Tue Sep 01 09:02:57 2020,01-Sep-2020,110258,47 13.014000 N,060 21.943900 W,5.1,180.4,A,Secondary,Headline,0.000000,E,S,68139.000000
Tue Sep 01 09:02:59 2020,01-Sep-2020,110259,47 13.012600 N,060 21.944200 W,5.1,180.8,A,Depth,Depth,57.777778,D,S,59842.000000
Tue Sep 01 09:02:59 2020,01-Sep-2020,110300,47 13.011200 N,060 21.944200 W,5.0,180.7,A,Depth,Depth,57.777778,D,S,59842.000000
Tue Sep 01 09:02:59 2020,01-Sep-2020,110301,47 13.010100 N,060 21.944000 W,4.8,180.1,A,Depth,Depth,57.777778,D,S,59842.000000
Tue Sep 01 09:03:02 2020,01-Sep-2020,110302,47 13.009000 N,060 21.943800 W,4.8,179.7,A,Primary,Headline,2.367347,D,S,52929.000000
Tue Sep 01 09:03:02 2020,01-Sep-2020,110303,47 13.007600 N,060 21.943700 W,4.9,179.5,A,Primary,Headline,2.367347,D,S,52929.000000
Tue Sep 01 09:03:04 2020,01-Sep-2020,110304,47 13.006100 N,060 21.943600 W,4.9,179.4,A,DoorSpread,DoorMaster,0.000000,E,S,58724.000000
Tue Sep 01 09:03:04 2020,01-Sep-2020,110305,47 13.004600 N,060 21.943500 W,5.0,179.2,A,DoorSpread,DoorMaster,0.000000,E,S,58724.000000
Tue Sep 01 09:03:06 2020,01-Sep-2020,110306,47 13.002900 N,060 21.943500 W,5.1,179.5,A,Depth,Depth,78.055556,D,S,35946.000000
Tue Sep 01 09:03:07 2020,01-Sep-2020,110307,47 13.001300 N,060 21.943800 W,5.1,180.0,A,Primary,Headline,1.734694,D,S,125292.000000
Tue Sep 01 09:03:07 2020,01-Sep-2020,110308,47 13.000000 N,060 21.944000 W,5.1,180.1,A,Primary,Headline,1.734694,D,S,125292.000000
Tue Sep 01 09:03:09 2020,01-Sep-2020,110309,47 12.998700 N,060 21.943900 W,5.0,180.0,A,DoorSpread,DoorMaster,0.000000,E,S,37524.000000
Tue Sep 01 09:03:09 2020,01-Sep-2020,110310,47 12.997300 N,060 21.943800 W,5.1,179.8,A,DoorSpread,DoorMaster,0.000000,E,S,37524.000000
Tue Sep 01 09:03:09 2020,01-Sep-2020,110311,47 12.995800 N,060 21.943700 W,5.1,179.7,A,DoorSpread,DoorMaster,0.000000,E,S,37524.000000
Tue Sep 01 09:03:09 2020,01-Sep-2020,110312,47 12.994300 N,060 21.943900 W,5.1,180.1,A,DoorSpread,DoorMaster,0.000000,E,S,37524.000000
Tue Sep 01 09:03:09 2020,01-Sep-2020,110313,47 12.993000 N,060 21.943900 W,4.9,180.0,A,DoorSpread,DoorMaster,0.000000,E,S,37524.000000
Tue Sep 01 09:03:14 2020,01-Sep-2020,110314,47 12.991900 N,060 21.943900 W,4.8,180.2,A,DoorSpread,DoorMaster,0.000000,E,P,266179.000000
Tue Sep 01 09:03:14 2020,01-Sep-2020,110315,47 12.990600 N,060 21.944200 W,4.9,180.7,A,DoorSpread,DoorMaster,0.000000,E,P,266179.000000
Tue Sep 01 09:03:14 2020,01-Sep-2020,110316,47 12.989100 N,060 21.944300 W,5.0,180.9,A,DoorSpread,DoorMaster,0.000000,E,P,266179.000000
Tue Sep 01 09:03:14 2020,01-Sep-2020,110317,47 12.987500 N,060 21.944100 W,5.1,180.7,A,DoorSpread,DoorMaster,0.000000,E,P,266179.000000
Tue Sep 01 09:03:14 2020,01-Sep-2020,110318,47 12.986000 N,060 21.943800 W,5.2,180.5,A,DoorSpread,DoorMaster,0.000000,E,P,266179.000000
Tue Sep 01 09:03:19 2020,01-Sep-2020,110319,47 12.984700 N,060 21.943800 W,5.1,180.4,A,DoorSpread,DoorMaster,0.000000,E,P,124170.000000
Tue Sep 01 09:03:19 2020,01-Sep-2020,110320,47 12.983500 N,060 21.943800 W,4.9,180.4,A,DoorSpread,DoorMaster,0.000000,E,P,124170.000000
Tue Sep 01 09:03:21 2020,01-Sep-2020,110321,47 12.982300 N,060 21.943800 W,4.8,180.4,A,Depth,Depth,106.574074,D,S,42616.000000
Tue Sep 01 09:03:22 2020,01-Sep-2020,110322,47 12.981000 N,060 21.943700 W,4.8,180.5,A,Primary,Headline,6.224490,D,S,56047.000000
Tue Sep 01 09:03:22 2020,01-Sep-2020,110323,47 12.979600 N,060 21.943700 W,4.9,180.7,A,Primary,Headline,6.224490,D,S,56047.000000
Tue Sep 01 09:03:24 2020,01-Sep-2020,110324,47 12.978100 N,060 21.943600 W,4.9,180.7,A,DoorSpread,DoorMaster,0.000000,E,S,212040.000000
Tue Sep 01 09:03:24 2020,01-Sep-2020,110325,47 12.976600 N,060 21.943400 W,5.1,180.4,A,DoorSpread,DoorMaster,0.000000,E,S,212040.000000
Tue Sep 01 09:03:24 2020,01-Sep-2020,110326,47 12.974800 N,060 21.943100 W,5.4,180.0,A,DoorSpread,DoorMaster,0.000000,E,S,212040.000000
Tue Sep 01 09:03:27 2020,01-Sep-2020,110327,47 12.973100 N,060 21.943100 W,5.4,179.9,A,Secondary,Headline,0.000000,E,S,63965.000000
Tue Sep 01 09:03:28 2020,01-Sep-2020,110328,47 12.971900 N,060 21.943000 W,5.0,179.8,A,Depth,Depth,79.074074,D,S,105236.000000
Tue Sep 01 09:03:29 2020,01-Sep-2020,110329,47 12.970800 N,060 21.942900 W,4.9,179.8,A,DoorSpread,DoorMaster,0.000000,E,P,729750.000000
Tue Sep 01 09:03:29 2020,01-Sep-2020,110330,47 12.969700 N,060 21.942900 W,4.6,179.7,A,DoorSpread,DoorMaster,0.000000,E,P,729750.000000
Tue Sep 01 09:03:29 2020,01-Sep-2020,110331,47 12.968600 N,060 21.942700 W,4.6,179.2,A,DoorSpread,DoorMaster,0.000000,E,P,729750.000000
Tue Sep 01 09:03:32 2020,01-Sep-2020,110332,47 12.967000 N,060 21.942700 W,4.8,178.8,A,Primary,Headline,1.979592,D,S,159898.000000
Tue Sep 01 09:03:32 2020,01-Sep-2020,110333,47 12.965400 N,060 21.942700 W,4.9,178.5,A,Primary,Headline,1.979592,D,S,159898.000000
Tue Sep 01 09:03:34 2020,01-Sep-2020,110334,47 12.963800 N,060 21.942700 W,5.1,178.5,A,DoorSpread,DoorMaster,0.000000,E,S,179618.000000
Tue Sep 01 09:03:34 2020,01-Sep-2020,110335,47 12.962200 N,060 21.942900 W,5.2,178.9,A,DoorSpread,DoorMaster,0.000000,E,S,179618.000000
Tue Sep 01 09:03:35 2020,01-Sep-2020,110336,47 12.960600 N,060 21.943000 W,5.2,179.2,A,Depth,Depth,67.777778,D,S,55559.000000
Tue Sep 01 09:03:35 2020,01-Sep-2020,110337,47 12.959300 N,060 21.942800 W,5.0,178.8,A,Depth,Depth,67.777778,D,S,55559.000000
Tue Sep 01 09:03:35 2020,01-Sep-2020,110338,47 12.958100 N,060 21.942600 W,4.9,178.1,A,Depth,Depth,67.777778,D,S,55559.000000
Tue Sep 01 09:03:39 2020,01-Sep-2020,110339,47 12.956700 N,060 21.942300 W,4.9,177.2,A,DoorSpread,DoorMaster,0.000000,E,P,149336.000000
Tue Sep 01 09:03:39 2020,01-Sep-2020,110340,47 12.955400 N,060 21.942000 W,4.9,176.6,A,DoorSpread,DoorMaster,0.000000,E,P,149336.000000
Tue Sep 01 09:03:39 2020,01-Sep-2020,110341,47 12.954100 N,060 21.942000 W,4.8,177.2,A,DoorSpread,DoorMaster,0.000000,E,P,149336.000000
Tue Sep 01 09:03:39 2020,01-Sep-2020,110342,47 12.952700 N,060 21.942300 W,4.9,178.1,A,DoorSpread,DoorMaster,0.000000,E,P,149336.000000
Tue Sep 01 09:03:43 2020,01-Sep-2020,110343,47 12.951400 N,060 21.942500 W,4.8,178.3,A,Depth,Depth,111.759259,D,S,39413.000000
Tue Sep 01 09:03:43 2020,01-Sep-2020,110344,47 12.950100 N,060 21.942400 W,4.9,178.1,A,Depth,Depth,111.759259,D,S,39413.000000
Tue Sep 01 09:03:43 2020,01-Sep-2020,110345,47 12.948600 N,060 21.942200 W,5.0,177.6,A,Depth,Depth,111.759259,D,S,39413.000000
Tue Sep 01 09:03:43 2020,01-Sep-2020,110346,47 12.947200 N,060 21.942100 W,4.9,177.6,A,Depth,Depth,111.759259,D,S,39413.000000
Tue Sep 01 09:03:47 2020,01-Sep-2020,110347,47 12.945800 N,060 21.942100 W,4.9,177.8,A,Primary,Headline,3.408163,D,S,39503.000000
Tue Sep 01 09:03:47 2020,01-Sep-2020,110348,47 12.944300 N,060 21.942200 W,5.0,178.2,A,Primary,Headline,3.408163,D,S,39503.000000
Tue Sep 01 09:03:49 2020,01-Sep-2020,110349,47 12.942800 N,060 21.942000 W,5.0,178.4,A,DoorSpread,DoorMaster,0.000000,E,S,72644.000000
Tue Sep 01 09:03:50 2020,01-Sep-2020,110350,47 12.941400 N,060 21.942000 W,5.0,178.5,A,Depth,Depth,65.740741,D,S,91976.000000
Tue Sep 01 09:03:50 2020,01-Sep-2020,110351,47 12.939900 N,060 21.942000 W,5.1,178.7,A,Depth,Depth,65.740741,D,S,91976.000000
Tue Sep 01 09:03:52 2020,01-Sep-2020,110352,47 12.938300 N,060 21.942100 W,5.2,178.8,A,Primary,Headline,2.469388,D,S,62125.000000
Tue Sep 01 09:03:52 2020,01-Sep-2020,110353,47 12.936800 N,060 21.942100 W,5.1,178.9,A,Primary,Headline,2.469388,D,S,62125.000000
Tue Sep 01 09:03:54 2020,01-Sep-2020,110354,47 12.935400 N,060 21.942200 W,5.1,178.7,A,DoorSpread,DoorMaster,0.000000,E,S,60806.000000
Tue Sep 01 09:03:54 2020,01-Sep-2020,110355,47 12.934000 N,060 21.942200 W,5.1,178.7,A,DoorSpread,DoorMaster,0.000000,E,S,60806.000000
Tue Sep 01 09:03:54 2020,01-Sep-2020,110356,47 12.932700 N,060 21.942300 W,5.0,179.1,A,DoorSpread,DoorMaster,0.000000,E,S,60806.000000
Tue Sep 01 09:03:57 2020,01-Sep-2020,110357,47 12.931400 N,060 21.942400 W,5.0,179.4,A,Depth,Depth,108.518519,D,S,42253.000000
Tue Sep 01 09:03:57 2020,01-Sep-2020,110358,47 12.929900 N,060 21.942300 W,5.1,179.5,A,Depth,Depth,108.518519,D,S,42253.000000
Tue Sep 01 09:03:59 2020,01-Sep-2020,110359,47 12.928500 N,060 21.942200 W,5.0,179.3,A,DoorSpread,DoorMaster,0.000000,E,S,66202.000000
Tue Sep 01 09:03:59 2020,01-Sep-2020,110400,47 12.927000 N,060 21.942100 W,5.1,179.1,A,DoorSpread,DoorMaster,0.000000,E,S,66202.000000
Tue Sep 01 09:03:59 2020,01-Sep-2020,110401,47 12.925600 N,060 21.942100 W,5.1,179.2,A,DoorSpread,DoorMaster,0.000000,E,S,66202.000000
Tue Sep 01 09:04:02 2020,01-Sep-2020,110402,47 12.924100 N,060 21.942400 W,5.1,179.5,A,Primary,Headline,2.000000,D,S,113227.000000
Tue Sep 01 09:04:02 2020,01-Sep-2020,110403,47 12.922800 N,060 21.942600 W,5.0,180.0,A,Primary,Headline,2.000000,D,S,113227.000000
Tue Sep 01 09:04:02 2020,01-Sep-2020,110404,47 12.921400 N,060 21.942600 W,5.0,180.2,A,Primary,Headline,2.000000,D,S,113227.000000
Tue Sep 01 09:04:05 2020,01-Sep-2020,110405,47 12.920000 N,060 21.942500 W,5.0,180.0,A,DoorSpread,DoorMaster,4.945000,D,S,150145.000000
Tue Sep 01 09:04:05 2020,01-Sep-2020,110406,47 12.918600 N,060 21.942300 W,5.0,179.7,A,DoorSpread,DoorMaster,4.945000,D,S,150145.000000
Tue Sep 01 09:04:07 2020,01-Sep-2020,110407,47 12.917100 N,060 21.942300 W,5.1,179.7,A,Primary,Headline,2.938776,D,S,97297.000000
Tue Sep 01 09:04:07 2020,01-Sep-2020,110408,47 12.915700 N,060 21.942400 W,5.1,180.0,A,Primary,Headline,2.938776,D,S,97297.000000
Tue Sep 01 09:04:07 2020,01-Sep-2020,110409,47 12.914100 N,060 21.942600 W,5.2,180.5,A,Primary,Headline,2.938776,D,S,97297.000000
Tue Sep 01 09:04:10 2020,01-Sep-2020,110410,47 12.912900 N,060 21.942800 W,4.9,181.0,A,DoorSpread,DoorMaster,0.000000,E,S,179503.000000
Tue Sep 01 09:04:10 2020,01-Sep-2020,110411,47 12.911600 N,060 21.943000 W,5.0,181.5,A,DoorSpread,DoorMaster,0.000000,E,S,179503.000000
Tue Sep 01 09:04:12 2020,01-Sep-2020,110412,47 12.910200 N,060 21.942800 W,5.0,181.6,A,Primary,Headline,2.755102,D,S,59655.000000
Tue Sep 01 09:04:12 2020,01-Sep-2020,110413,47 12.908900 N,060 21.942700 W,4.9,181.4,A,Primary,Headline,2.755102,D,S,59655.000000
Tue Sep 01 09:04:12 2020,01-Sep-2020,110414,47 12.907700 N,060 21.942600 W,4.8,181.5,A,Primary,Headline,2.755102,D,S,59655.000000
Tue Sep 01 09:04:15 2020,01-Sep-2020,110415,47 12.906500 N,060 21.942700 W,4.8,182.1,A,DoorSpread,DoorMaster,0.000000,E,S,87980.000000
Tue Sep 01 09:04:15 2020,01-Sep-2020,110416,47 12.905300 N,060 21.943200 W,4.9,182.9,A,DoorSpread,DoorMaster,0.000000,E,S,87980.000000
Tue Sep 01 09:04:17 2020,01-Sep-2020,110417,47 12.903900 N,060 21.943500 W,5.0,183.6,A,Primary,Headline,0.755102,D,S,96724.000000
Tue Sep 01 09:04:17 2020,01-Sep-2020,110418,47 12.902400 N,060 21.943700 W,5.1,183.9,A,Primary,Headline,0.755102,D,S,96724.000000
Tue Sep 01 09:04:17 2020,01-Sep-2020,110419,47 12.900700 N,060 21.943700 W,5.2,183.8,A,Primary,Headline,0.755102,D,S,96724.000000
Tue Sep 01 09:04:20 2020,01-Sep-2020,110420,47 12.899200 N,060 21.943800 W,5.2,183.7,A,DoorSpread,DoorMaster,0.000000,E,P,134832.000000
Tue Sep 01 09:04:20 2020,01-Sep-2020,110421,47 12.897800 N,060 21.943800 W,5.2,183.6,A,DoorSpread,DoorMaster,0.000000,E,P,134832.000000
Tue Sep 01 09:04:22 2020,01-Sep-2020,110422,47 12.896600 N,060 21.944000 W,5.0,183.7,A,Primary,Headline,2.775510,D,S,37841.000000
Tue Sep 01 09:04:22 2020,01-Sep-2020,110423,47 12.895500 N,060 21.944100 W,5.0,183.5,A,Primary,Headline,2.775510,D,S,37841.000000
Tue Sep 01 09:04:22 2020,01-Sep-2020,110424,47 12.894300 N,060 21.944100 W,4.9,182.8,A,Primary,Headline,2.775510,D,S,37841.000000
Tue Sep 01 09:04:25 2020,01-Sep-2020,110425,47 12.893000 N,060 21.944100 W,5.0,182.1,A,DoorSpread,DoorMaster,0.000000,E,S,93864.000000
Tue Sep 01 09:04:25 2020,01-Sep-2020,110426,47 12.891600 N,060 21.944200 W,4.9,182.3,A,DoorSpread,DoorMaster,0.000000,E,S,93864.000000
Tue Sep 01 09:04:27 2020,01-Sep-2020,110427,47 12.890500 N,060 21.944400 W,4.8,183.1,A,Primary,Headline,0.897959,D,S,42949.000000
Tue Sep 01 09:04:27 2020,01-Sep-2020,110428,47 12.889300 N,060 21.944800 W,4.7,183.8,A,Primary,Headline,0.897959,D,S,42949.000000
Tue Sep 01 09:04:27 2020,01-Sep-2020,110429,47 12.888000 N,060 21.944800 W,4.8,183.9,A,Primary,Headline,0.897959,D,S,42949.000000
Tue Sep 01 09:04:30 2020,01-Sep-2020,110430,47 12.886600 N,060 21.944600 W,4.9,183.4,A,DoorSpread,DoorMaster,0.000000,E,S,74674.000000
Tue Sep 01 09:04:30 2020,01-Sep-2020,110431,47 12.885000 N,060 21.944500 W,5.1,182.9,A,DoorSpread,DoorMaster,0.000000,E,S,74674.000000
Tue Sep 01 09:04:30 2020,01-Sep-2020,110432,47 12.883500 N,060 21.944500 W,5.1,182.7,A,DoorSpread,DoorMaster,0.000000,E,S,74674.000000
Tue Sep 01 09:04:30 2020,01-Sep-2020,110433,47 12.882500 N,060 21.944400 W,4.8,182.5,A,DoorSpread,DoorMaster,0.000000,E,S,74674.000000
Tue Sep 01 09:04:34 2020,01-Sep-2020,110434,47 12.881500 N,060 21.944300 W,4.8,182.0,A,Depth,Depth,105.000000,D,S,52331.000000
Tue Sep 01 09:04:35 2020,01-Sep-2020,110435,47 12.880200 N,060 21.944300 W,4.9,181.4,A,DoorSpread,DoorMaster,0.000000,E,S,290755.000000
Tue Sep 01 09:04:35 2020,01-Sep-2020,110436,47 12.878800 N,060 21.944200 W,4.8,181.1,A,DoorSpread,DoorMaster,0.000000,E,S,290755.000000
Tue Sep 01 09:04:35 2020,01-Sep-2020,110437,47 12.877500 N,060 21.944300 W,4.9,180.8,A,DoorSpread,DoorMaster,0.000000,E,S,290755.000000
Tue Sep 01 09:04:35 2020,01-Sep-2020,110438,47 12.876100 N,060 21.944100 W,5.0,180.4,A,DoorSpread,DoorMaster,0.000000,E,S,290755.000000
Tue Sep 01 09:04:35 2020,01-Sep-2020,110439,47 12.874700 N,060 21.944000 W,4.9,180.2,A,DoorSpread,DoorMaster,0.000000,E,S,290755.000000
Tue Sep 01 09:04:40 2020,01-Sep-2020,110440,47 12.873600 N,060 21.944000 W,4.8,180.2,A,DoorSpread,DoorMaster,0.000000,E,S,187526.000000
Tue Sep 01 09:04:40 2020,01-Sep-2020,110441,47 12.872500 N,060 21.944100 W,4.7,179.9,A,DoorSpread,DoorMaster,0.000000,E,S,187526.000000
Tue Sep 01 09:04:42 2020,01-Sep-2020,110442,47 12.871300 N,060 21.943800 W,4.6,179.2,A,Primary,Headline,4.918367,D,S,35087.000000
Tue Sep 01 09:04:42 2020,01-Sep-2020,110443,47 12.869900 N,060 21.943600 W,4.8,178.5,A,Primary,Headline,1.673469,D,P,156178.000000
Tue Sep 01 09:04:42 2020,01-Sep-2020,110444,47 12.868500 N,060 21.943500 W,4.8,178.3,A,Primary,Headline,1.673469,D,P,156178.000000
Tue Sep 01 09:04:45 2020,01-Sep-2020,110445,47 12.867200 N,060 21.943600 W,4.8,178.3,A,DoorSpread,DoorMaster,0.000000,E,S,68570.000000
Tue Sep 01 09:04:45 2020,01-Sep-2020,110446,47 12.865800 N,060 21.943700 W,4.9,178.5,A,DoorSpread,DoorMaster,0.000000,E,S,68570.000000
Tue Sep 01 09:04:45 2020,01-Sep-2020,110447,47 12.864300 N,060 21.943900 W,5.0,178.9,A,DoorSpread,DoorMaster,0.000000,E,S,68570.000000
Tue Sep 01 09:04:47 2020,01-Sep-2020,110448,47 12.862900 N,060 21.943900 W,4.9,179.0,A,Primary,Headline,0.061224,D,S,75240.000000
Tue Sep 01 09:04:49 2020,01-Sep-2020,110449,47 12.861700 N,060 21.943800 W,4.9,178.5,A,Depth,Depth,107.314815,D,S,63970.000000
Tue Sep 01 09:04:50 2020,01-Sep-2020,110450,47 12.860500 N,060 21.943600 W,4.8,177.9,A,DoorSpread,DoorMaster,0.000000,E,P,233816.000000
Tue Sep 01 09:04:50 2020,01-Sep-2020,110451,47 12.859300 N,060 21.943600 W,4.7,177.7,A,DoorSpread,DoorMaster,0.000000,E,P,233816.000000
Tue Sep 01 09:04:50 2020,01-Sep-2020,110452,47 12.858400 N,060 21.943700 W,4.3,177.6,A,DoorSpread,DoorMaster,0.000000,E,P,233816.000000
Tue Sep 01 09:04:52 2020,01-Sep-2020,110453,47 12.857600 N,060 21.943800 W,4.3,177.5,A,Primary,Headline,1.510204,D,S,94681.000000
Tue Sep 01 09:04:52 2020,01-Sep-2020,110454,47 12.856200 N,060 21.943700 W,4.4,177.3,A,Primary,Headline,1.510204,D,S,94681.000000
Tue Sep 01 09:04:55 2020,01-Sep-2020,110455,47 12.854600 N,060 21.943500 W,4.8,177.3,A,DoorSpread,DoorMaster,0.000000,E,S,283379.000000
Tue Sep 01 09:04:55 2020,01-Sep-2020,110456,47 12.852900 N,060 21.943500 W,4.9,177.6,A,DoorSpread,DoorMaster,0.000000,E,S,283379.000000
Tue Sep 01 09:04:55 2020,01-Sep-2020,110457,47 12.851400 N,060 21.943600 W,4.9,177.6,A,DoorSpread,DoorMaster,0.000000,E,S,283379.000000
Tue Sep 01 09:04:58 2020,01-Sep-2020,110458,47 12.850000 N,060 21.943300 W,4.9,177.1,A,Primary,Headline,8.469388,D,P,125646.000000
Tue Sep 01 09:04:58 2020,01-Sep-2020,110459,47 12.848700 N,060 21.943000 W,4.8,176.8,A,Primary,Headline,8.469388,D,P,125646.000000
Tue Sep 01 09:05:00 2020,01-Sep-2020,110500,47 12.847700 N,060 21.942700 W,4.5,176.5,A,DoorSpread,DoorMaster,0.000000,E,S,129873.000000
Tue Sep 01 09:05:00 2020,01-Sep-2020,110501,47 12.846600 N,060 21.942500 W,4.4,176.5,A,DoorSpread,DoorMaster,0.000000,E,S,129873.000000
Tue Sep 01 09:05:00 2020,01-Sep-2020,110502,47 12.845300 N,060 21.942300 W,4.6,176.3,A,DoorSpread,DoorMaster,0.000000,E,S,129873.000000
Tue Sep 01 09:05:03 2020,01-Sep-2020,110503,47 12.843700 N,060 21.942200 W,4.8,176.4,A,Primary,Headline,2.326531,D,S,97864.000000
Tue Sep 01 09:05:03 2020,01-Sep-2020,110504,47 12.842000 N,060 21.942200 W,5.0,176.8,A,Primary,Headline,2.326531,D,S,97864.000000
Tue Sep 01 09:05:05 2020,01-Sep-2020,110505,47 12.840500 N,060 21.942200 W,4.9,177.3,A,DoorSpread,DoorMaster,0.000000,E,S,127926.000000
Tue Sep 01 09:05:05 2020,01-Sep-2020,110506,47 12.839300 N,060 21.942000 W,4.8,177.3,A,DoorSpread,DoorMaster,0.000000,E,S,127926.000000
Tue Sep 01 09:05:05 2020,01-Sep-2020,110507,47 12.838100 N,060 21.941800 W,4.8,177.3,A,DoorSpread,DoorMaster,0.000000,E,S,127926.000000
Tue Sep 01 09:05:05 2020,01-Sep-2020,110508,47 12.836900 N,060 21.941700 W,4.7,177.4,A,DoorSpread,DoorMaster,0.000000,E,S,127926.000000
Tue Sep 01 09:05:05 2020,01-Sep-2020,110509,47 12.835600 N,060 21.941600 W,4.7,177.5,A,DoorSpread,DoorMaster,0.000000,E,S,127926.000000
Tue Sep 01 09:05:10 2020,01-Sep-2020,110510,47 12.834400 N,060 21.941700 W,4.7,177.9,A,DoorSpread,DoorMaster,0.000000,E,S,139393.000000
Tue Sep 01 09:05:11 2020,01-Sep-2020,110511,47 12.833000 N,060 21.941800 W,4.7,178.3,A,Depth,Depth,102.037037,D,S,38209.000000
Tue Sep 01 09:05:11 2020,01-Sep-2020,110512,47 12.831600 N,060 21.941900 W,4.6,178.8,A,Depth,Depth,102.037037,D,S,38209.000000
Tue Sep 01 09:05:11 2020,01-Sep-2020,110513,47 12.830200 N,060 21.942000 W,4.7,179.3,A,Depth,Depth,102.037037,D,S,38209.000000
Tue Sep 01 09:05:11 2020,01-Sep-2020,110514,47 12.828800 N,060 21.942100 W,4.7,179.4,A,Depth,Depth,102.037037,D,S,38209.000000
Tue Sep 01 09:05:15 2020,01-Sep-2020,110515,47 12.827400 N,060 21.942100 W,4.7,179.3,A,DoorSpread,DoorMaster,0.000000,E,P,115039.000000
Tue Sep 01 09:05:15 2020,01-Sep-2020,110516,47 12.825900 N,060 21.942100 W,4.7,179.3,A,DoorSpread,DoorMaster,0.000000,E,P,115039.000000
Tue Sep 01 09:05:15 2020,01-Sep-2020,110517,47 12.824600 N,060 21.942200 W,4.7,179.8,A,DoorSpread,DoorMaster,0.000000,E,P,115039.000000
Tue Sep 01 09:05:18 2020,01-Sep-2020,110518,47 12.823300 N,060 21.942400 W,4.7,180.2,A,Primary,Headline,2.265306,D,S,42499.000000
Tue Sep 01 09:05:18 2020,01-Sep-2020,110519,47 12.822100 N,060 21.942600 W,4.6,180.4,A,Depth,Depth,125.648148,D,S,35514.000000
Tue Sep 01 09:05:20 2020,01-Sep-2020,110520,47 12.820900 N,060 21.942700 W,4.5,180.5,A,DoorSpread,DoorMaster,0.000000,E,S,91653.000000
Tue Sep 01 09:05:20 2020,01-Sep-2020,110521,47 12.819700 N,060 21.942800 W,4.6,180.4,A,DoorSpread,DoorMaster,0.000000,E,S,91653.000000
Tue Sep 01 09:05:20 2020,01-Sep-2020,110522,47 12.818200 N,060 21.942700 W,4.7,180.2,A,DoorSpread,DoorMaster,0.000000,E,S,91653.000000
Tue Sep 01 09:05:23 2020,01-Sep-2020,110523,47 12.816900 N,060 21.942800 W,4.6,180.5,A,Primary,Headline,2.265306,D,S,44007.000000
Tue Sep 01 09:05:23 2020,01-Sep-2020,110524,47 12.815600 N,060 21.943000 W,4.7,181.1,A,Primary,Headline,2.265306,D,S,44007.000000
Tue Sep 01 09:05:25 2020,01-Sep-2020,110525,47 12.814200 N,060 21.943300 W,4.8,181.6,A,DoorSpread,DoorMaster,0.000000,E,S,111505.000000
Tue Sep 01 09:05:25 2020,01-Sep-2020,110526,47 12.812900 N,060 21.943500 W,4.7,181.6,A,DoorSpread,DoorMaster,0.000000,E,S,111505.000000
Tue Sep 01 09:05:25 2020,01-Sep-2020,110527,47 12.811700 N,060 21.943500 W,4.6,181.5,A,DoorSpread,DoorMaster,0.000000,E,S,111505.000000
Tue Sep 01 09:05:28 2020,01-Sep-2020,110528,47 12.810500 N,060 21.943700 W,4.6,181.7,A,Primary,Headline,1.489796,D,S,80412.000000
Tue Sep 01 09:05:28 2020,01-Sep-2020,110529,47 12.809000 N,060 21.943800 W,4.8,181.9,A,Primary,Headline,1.489796,D,S,80412.000000
Tue Sep 01 09:05:30 2020,01-Sep-2020,110530,47 12.807500 N,060 21.943900 W,4.7,181.8,A,DoorSpread,DoorMaster,0.000000,E,S,126043.000000
Tue Sep 01 09:05:30 2020,01-Sep-2020,110531,47 12.806300 N,060 21.943900 W,4.6,181.9,A,DoorSpread,DoorMaster,0.000000,E,S,126043.000000
Tue Sep 01 09:05:30 2020,01-Sep-2020,110532,47 12.805000 N,060 21.944000 W,4.7,182.0,A,DoorSpread,DoorMaster,0.000000,E,S,126043.000000
Tue Sep 01 09:05:33 2020,01-Sep-2020,110533,47 12.803500 N,060 21.943900 W,4.7,181.9,A,Primary,Headline,1.734694,D,S,104365.000000
Tue Sep 01 09:05:33 2020,01-Sep-2020,110534,47 12.802200 N,060 21.943700 W,4.6,181.6,A,Primary,Headline,1.734694,D,S,104365.000000
Tue Sep 01 09:05:35 2020,01-Sep-2020,110535,47 12.801000 N,060 21.943600 W,4.5,181.4,A,DoorSpread,DoorMaster,0.000000,E,S,225269.000000
Tue Sep 01 09:05:35 2020,01-Sep-2020,110536,47 12.799800 N,060 21.943700 W,4.6,181.7,A,DoorSpread,DoorMaster,0.000000,E,S,225269.000000
Tue Sep 01 09:05:35 2020,01-Sep-2020,110537,47 12.798400 N,060 21.943800 W,4.6,182.0,A,DoorSpread,DoorMaster,0.000000,E,S,225269.000000
Tue Sep 01 09:05:38 2020,01-Sep-2020,110538,47 12.796900 N,060 21.943800 W,4.7,182.0,A,Primary,Headline,1.755102,D,S,61728.000000
Tue Sep 01 09:05:38 2020,01-Sep-2020,110539,47 12.795500 N,060 21.943800 W,4.7,181.9,A,Primary,Headline,1.755102,D,S,61728.000000
Tue Sep 01 09:05:40 2020,01-Sep-2020,110540,47 12.794100 N,060 21.943800 W,4.6,181.7,A,DoorSpread,DoorMaster,0.000000,E,S,52925.000000
Tue Sep 01 09:05:40 2020,01-Sep-2020,110541,47 12.792800 N,060 21.943700 W,4.6,181.5,A,DoorSpread,DoorMaster,0.000000,E,S,52925.000000
Tue Sep 01 09:05:40 2020,01-Sep-2020,110542,47 12.791400 N,060 21.943700 W,4.7,181.4,A,DoorSpread,DoorMaster,0.000000,E,S,52925.000000
Tue Sep 01 09:05:43 2020,01-Sep-2020,110543,47 12.790000 N,060 21.943800 W,4.8,181.3,A,Primary,Headline,2.387755,D,S,52273.000000
Tue Sep 01 09:05:43 2020,01-Sep-2020,110544,47 12.788600 N,060 21.943800 W,4.7,181.2,A,Primary,Headline,2.387755,D,S,52273.000000
Tue Sep 01 09:05:43 2020,01-Sep-2020,110545,47 12.787400 N,060 21.944000 W,4.7,181.7,A,Primary,Headline,2.387755,D,S,52273.000000
Tue Sep 01 09:05:45 2020,01-Sep-2020,110546,47 12.786200 N,060 21.944200 W,4.6,182.1,A,DoorSpread,DoorMaster,0.000000,E,P,206836.000000
Tue Sep 01 09:05:45 2020,01-Sep-2020,110547,47 12.785000 N,060 21.944300 W,4.6,181.6,A,DoorSpread,DoorMaster,0.000000,E,P,206836.000000
Tue Sep 01 09:05:48 2020,01-Sep-2020,110548,47 12.783700 N,060 21.944200 W,4.7,181.2,A,Depth,Depth,120.370370,D,S,36478.000000
Tue Sep 01 09:05:48 2020,01-Sep-2020,110549,47 12.782500 N,060 21.944200 W,4.7,180.6,A,Depth,Depth,120.370370,D,S,36478.000000
Tue Sep 01 09:05:48 2020,01-Sep-2020,110550,47 12.781300 N,060 21.944200 W,4.6,180.6,A,Depth,Depth,120.370370,D,S,36478.000000
Tue Sep 01 09:05:50 2020,01-Sep-2020,110551,47 12.780100 N,060 21.944500 W,4.6,181.5,A,DoorSpread,DoorMaster,0.000000,E,P,173131.000000
Tue Sep 01 09:05:50 2020,01-Sep-2020,110552,47 12.778700 N,060 21.944700 W,4.8,182.3,A,DoorSpread,DoorMaster,0.000000,E,P,173131.000000
Tue Sep 01 09:05:50 2020,01-Sep-2020,110553,47 12.777300 N,060 21.944600 W,4.8,182.4,A,DoorSpread,DoorMaster,0.000000,E,P,173131.000000
Tue Sep 01 09:05:50 2020,01-Sep-2020,110554,47 12.776000 N,060 21.944500 W,4.7,182.0,A,DoorSpread,DoorMaster,0.000000,E,P,173131.000000
Tue Sep 01 09:05:50 2020,01-Sep-2020,110555,47 12.774600 N,060 21.944600 W,4.7,181.7,A,DoorSpread,DoorMaster,0.000000,E,P,173131.000000
Tue Sep 01 09:05:56 2020,01-Sep-2020,110556,47 12.773200 N,060 21.944800 W,4.8,181.6,A,DoorSpread,DoorMaster,7.425000,D,S,89212.000000
Tue Sep 01 09:05:56 2020,01-Sep-2020,110557,47 12.771900 N,060 21.944800 W,4.7,181.2,A,DoorSpread,DoorMaster,7.425000,D,S,89212.000000
Tue Sep 01 09:05:56 2020,01-Sep-2020,110558,47 12.770300 N,060 21.944800 W,5.0,180.6,A,DoorSpread,DoorMaster,7.425000,D,S,89212.000000
Tue Sep 01 09:05:56 2020,01-Sep-2020,110559,47 12.768600 N,060 21.944800 W,5.0,180.3,A,DoorSpread,DoorMaster,7.425000,D,S,89212.000000
Tue Sep 01 09:05:56 2020,01-Sep-2020,110600,47 12.767300 N,060 21.944900 W,4.9,180.1,A,DoorSpread,DoorMaster,7.425000,D,S,89212.000000
Tue Sep 01 09:05:56 2020,01-Sep-2020,110601,47 12.765900 N,060 21.944800 W,4.9,179.9,A,DoorSpread,DoorMaster,7.425000,D,S,89212.000000
Tue Sep 01 09:06:02 2020,01-Sep-2020,110602,47 12.764600 N,060 21.944800 W,4.9,179.7,A,DoorSpread,DoorMaster,6.915000,D,S,100194.000000
Tue Sep 01 09:06:03 2020,01-Sep-2020,110603,47 12.763100 N,060 21.944700 W,4.9,179.7,A,Depth,Depth,134.537037,D,S,40224.000000
Tue Sep 01 09:06:03 2020,01-Sep-2020,110604,47 12.761600 N,060 21.944800 W,5.0,179.9,A,Depth,Depth,134.537037,D,S,40224.000000
Tue Sep 01 09:06:03 2020,01-Sep-2020,110605,47 12.760200 N,060 21.944800 W,4.9,180.0,A,Depth,Depth,134.537037,D,S,40224.000000
Tue Sep 01 09:06:03 2020,01-Sep-2020,110606,47 12.758800 N,060 21.944600 W,5.0,179.8,A,Depth,Depth,134.537037,D,S,40224.000000
Tue Sep 01 09:06:07 2020,01-Sep-2020,110607,47 12.757400 N,060 21.944400 W,5.0,179.6,A,DoorSpread,DoorMaster,7.925000,D,S,107923.000000
Tue Sep 01 09:06:08 2020,01-Sep-2020,110608,47 12.756000 N,060 21.944400 W,4.9,179.4,A,Primary,Headline,1.061224,D,P,201101.000000
Tue Sep 01 09:06:08 2020,01-Sep-2020,110609,47 12.754700 N,060 21.944200 W,4.8,179.4,A,Primary,Headline,1.061224,D,P,201101.000000
Tue Sep 01 09:06:08 2020,01-Sep-2020,110610,47 12.753400 N,060 21.944300 W,4.8,179.6,A,Primary,Headline,1.061224,D,P,201101.000000
Tue Sep 01 09:06:10 2020,01-Sep-2020,110611,47 12.752100 N,060 21.944300 W,4.8,179.8,A,Depth,Depth,118.148148,D,S,37663.000000
Tue Sep 01 09:06:10 2020,01-Sep-2020,110612,47 12.750900 N,060 21.944700 W,4.5,180.2,A,Depth,Depth,118.148148,D,S,37663.000000
Tue Sep 01 09:06:13 2020,01-Sep-2020,110613,47 12.749700 N,060 21.944900 W,4.7,180.7,A,Primary,Headline,2.000000,D,S,87099.000000
Tue Sep 01 09:06:13 2020,01-Sep-2020,110614,47 12.748300 N,060 21.944800 W,4.7,180.6,A,Primary,Headline,2.000000,D,S,87099.000000
Tue Sep 01 09:06:13 2020,01-Sep-2020,110615,47 12.747000 N,060 21.944600 W,4.7,180.2,A,Primary,Headline,2.000000,D,S,87099.000000
Tue Sep 01 09:06:13 2020,01-Sep-2020,110616,47 12.745500 N,060 21.944400 W,4.9,179.9,A,Primary,Headline,2.000000,D,S,87099.000000
Tue Sep 01 09:06:13 2020,01-Sep-2020,110617,47 12.744100 N,060 21.944500 W,4.8,180.0,A,Primary,Headline,2.000000,D,S,87099.000000
Tue Sep 01 09:06:18 2020,01-Sep-2020,110618,47 12.742900 N,060 21.944400 W,4.8,179.9,A,Primary,Headline,2.224490,D,P,101271.000000
Tue Sep 01 09:06:18 2020,01-Sep-2020,110619,47 12.741700 N,060 21.944300 W,4.8,179.9,A,Primary,Headline,2.224490,D,P,101271.000000
Tue Sep 01 09:06:18 2020,01-Sep-2020,110620,47 12.740300 N,060 21.944300 W,4.9,179.9,A,Primary,Headline,2.224490,D,P,101271.000000
Tue Sep 01 09:06:18 2020,01-Sep-2020,110621,47 12.738900 N,060 21.944500 W,5.0,180.0,A,Primary,Headline,2.224490,D,P,101271.000000
Tue Sep 01 09:06:18 2020,01-Sep-2020,110622,47 12.737700 N,060 21.944500 W,4.8,180.0,A,Primary,Headline,2.224490,D,P,101271.000000
Tue Sep 01 09:06:23 2020,01-Sep-2020,110623,47 12.736700 N,060 21.944300 W,4.7,179.8,A,Primary,Headline,4.510204,D,S,54811.000000
Tue Sep 01 09:06:23 2020,01-Sep-2020,110624,47 12.735600 N,060 21.944200 W,4.6,179.2,A,Primary,Headline,4.510204,D,S,54811.000000
Tue Sep 01 09:06:25 2020,01-Sep-2020,110625,47 12.734500 N,060 21.944000 W,4.5,178.5,A,Depth,Depth,128.611111,D,P,75740.000000
Tue Sep 01 09:06:25 2020,01-Sep-2020,110626,47 12.733200 N,060 21.943800 W,4.7,178.2,A,Depth,Depth,129.074074,D,S,98003.000000
Tue Sep 01 09:06:25 2020,01-Sep-2020,110627,47 12.731800 N,060 21.944000 W,4.8,178.4,A,Depth,Depth,129.074074,D,S,98003.000000
Tue Sep 01 09:06:28 2020,01-Sep-2020,110628,47 12.730300 N,060 21.944200 W,4.8,178.8,A,Primary,Headline,0.000000,D,S,130926.000000
Tue Sep 01 09:06:29 2020,01-Sep-2020,110629,47 12.728800 N,060 21.944300 W,4.9,179.2,A,DoorSpread,DoorMaster,8.510000,D,S,280060.000000
Tue Sep 01 09:06:29 2020,01-Sep-2020,110630,47 12.727300 N,060 21.944200 W,4.9,179.2,A,DoorSpread,DoorMaster,8.510000,D,S,280060.000000
Tue Sep 01 09:06:29 2020,01-Sep-2020,110631,47 12.725800 N,060 21.944100 W,5.1,179.0,A,DoorSpread,DoorMaster,8.510000,D,S,280060.000000
Tue Sep 01 09:06:29 2020,01-Sep-2020,110632,47 12.724300 N,060 21.944100 W,5.0,179.1,A,DoorSpread,DoorMaster,8.510000,D,S,280060.000000
Tue Sep 01 09:06:33 2020,01-Sep-2020,110633,47 12.723200 N,060 21.944300 W,4.8,179.6,A,Primary,Headline,2.081633,D,S,47224.000000
Tue Sep 01 09:06:34 2020,01-Sep-2020,110634,47 12.722400 N,060 21.944400 W,4.5,179.7,A,DoorSpread,DoorMaster,0.000000,E,P,127220.000000
Tue Sep 01 09:06:34 2020,01-Sep-2020,110635,47 12.721400 N,060 21.944400 W,4.6,179.8,A,DoorSpread,DoorMaster,0.000000,E,P,127220.000000
Tue Sep 01 09:06:34 2020,01-Sep-2020,110636,47 12.720100 N,060 21.944500 W,4.7,180.0,A,DoorSpread,DoorMaster,0.000000,E,P,127220.000000
Tue Sep 01 09:06:34 2020,01-Sep-2020,110637,47 12.718800 N,060 21.944600 W,4.6,179.8,A,DoorSpread,DoorMaster,0.000000,E,P,127220.000000
Tue Sep 01 09:06:38 2020,01-Sep-2020,110638,47 12.717500 N,060 21.944500 W,4.7,179.5,A,Primary,Headline,1.897959,D,P,182783.000000
Tue Sep 01 09:06:39 2020,01-Sep-2020,110639,47 12.716300 N,060 21.944400 W,4.7,179.4,A,DoorSpread,DoorMaster,0.000000,E,P,187235.000000
Tue Sep 01 09:06:39 2020,01-Sep-2020,110640,47 12.715200 N,060 21.944300 W,4.5,179.3,A,DoorSpread,DoorMaster,0.000000,E,P,187235.000000
Tue Sep 01 09:06:40 2020,01-Sep-2020,110641,47 12.714200 N,060 21.944100 W,4.4,178.8,A,Depth,Depth,137.407407,D,S,64163.000000
Tue Sep 01 09:06:40 2020,01-Sep-2020,110642,47 12.713000 N,060 21.943800 W,4.4,178.2,A,Depth,Depth,137.407407,D,S,64163.000000
Tue Sep 01 09:06:40 2020,01-Sep-2020,110643,47 12.711700 N,060 21.943700 W,4.5,178.1,A,Depth,Depth,137.407407,D,S,64163.000000
Tue Sep 01 09:06:43 2020,01-Sep-2020,110644,47 12.710500 N,060 21.943700 W,4.5,178.4,A,Primary,Headline,3.061224,D,P,143277.000000
Tue Sep 01 09:06:45 2020,01-Sep-2020,110645,47 12.709300 N,060 21.943500 W,4.5,178.5,A,DoorSpread,DoorMaster,6.880000,D,P,107724.000000
Tue Sep 01 09:06:45 2020,01-Sep-2020,110646,47 12.707900 N,060 21.943400 W,4.6,178.6,A,DoorSpread,DoorMaster,6.880000,D,P,107724.000000
Tue Sep 01 09:06:45 2020,01-Sep-2020,110647,47 12.706500 N,060 21.943200 W,4.6,178.7,A,DoorSpread,DoorMaster,6.880000,D,P,107724.000000
Tue Sep 01 09:06:48 2020,01-Sep-2020,110648,47 12.705200 N,060 21.943100 W,4.6,178.8,A,Depth,Depth,137.870370,D,S,55289.000000
Tue Sep 01 09:06:48 2020,01-Sep-2020,110649,47 12.704000 N,060 21.943000 W,4.5,178.5,A,Depth,Depth,137.870370,D,S,55289.000000
Tue Sep 01 09:06:50 2020,01-Sep-2020,110650,47 12.702900 N,060 21.942800 W,4.5,177.7,A,DoorSpread,DoorMaster,6.915000,D,S,83285.000000
Tue Sep 01 09:06:50 2020,01-Sep-2020,110651,47 12.701600 N,060 21.942600 W,4.5,177.6,A,DoorSpread,DoorMaster,6.915000,D,S,83285.000000
Tue Sep 01 09:06:50 2020,01-Sep-2020,110652,47 12.700200 N,060 21.942700 W,4.5,178.1,A,DoorSpread,DoorMaster,6.915000,D,S,83285.000000
Tue Sep 01 09:06:50 2020,01-Sep-2020,110653,47 12.698900 N,060 21.942800 W,4.5,178.5,A,DoorSpread,DoorMaster,6.915000,D,S,83285.000000
Tue Sep 01 09:06:50 2020,01-Sep-2020,110654,47 12.697300 N,060 21.942700 W,4.8,178.8,A,DoorSpread,DoorMaster,6.915000,D,S,83285.000000
Tue Sep 01 09:06:50 2020,01-Sep-2020,110655,47 12.695800 N,060 21.942800 W,4.8,178.9,A,DoorSpread,DoorMaster,6.915000,D,S,83285.000000
Tue Sep 01 09:06:56 2020,01-Sep-2020,110656,47 12.694600 N,060 21.942900 W,4.6,178.8,A,DoorSpread,DoorMaster,6.840000,D,S,74017.000000
Tue Sep 01 09:06:56 2020,01-Sep-2020,110657,47 12.693600 N,060 21.943100 W,4.6,179.1,A,DoorSpread,DoorMaster,6.840000,D,S,74017.000000
Tue Sep 01 09:06:56 2020,01-Sep-2020,110658,47 12.692300 N,060 21.943200 W,4.7,179.5,A,DoorSpread,DoorMaster,6.840000,D,S,74017.000000
Tue Sep 01 09:06:56 2020,01-Sep-2020,110659,47 12.690900 N,060 21.943400 W,4.6,179.4,A,DoorSpread,DoorMaster,6.840000,D,S,74017.000000
Tue Sep 01 09:06:56 2020,01-Sep-2020,110700,47 12.689600 N,060 21.943400 W,4.6,179.2,A,DoorSpread,DoorMaster,6.840000,D,S,74017.000000
Tue Sep 01 09:07:01 2020,01-Sep-2020,110701,47 12.688300 N,060 21.943500 W,4.7,179.1,A,DoorSpread,DoorMaster,0.000000,E,S,72970.000000
Tue Sep 01 09:07:01 2020,01-Sep-2020,110702,47 12.686800 N,060 21.943600 W,4.7,179.4,A,DoorSpread,DoorMaster,0.000000,E,S,72970.000000
Tue Sep 01 09:07:01 2020,01-Sep-2020,110703,47 12.685400 N,060 21.943800 W,4.8,179.7,A,DoorSpread,DoorMaster,0.000000,E,S,72970.000000
Tue Sep 01 09:07:01 2020,01-Sep-2020,110704,47 12.683900 N,060 21.943900 W,4.8,179.9,A,DoorSpread,DoorMaster,0.000000,E,S,72970.000000
Tue Sep 01 09:07:01 2020,01-Sep-2020,110705,47 12.682500 N,060 21.944000 W,4.9,180.1,A,DoorSpread,DoorMaster,0.000000,E,S,72970.000000
Tue Sep 01 09:07:01 2020,01-Sep-2020,110706,47 12.681200 N,060 21.944200 W,4.8,180.4,A,DoorSpread,DoorMaster,0.000000,E,S,72970.000000
Tue Sep 01 09:07:06 2020,01-Sep-2020,110707,47 12.679900 N,060 21.944200 W,4.7,180.5,A,DoorSpread,DoorMaster,6.725000,D,P,210778.000000
Tue Sep 01 09:07:06 2020,01-Sep-2020,110708,47 12.678800 N,060 21.944200 W,4.6,180.4,A,DoorSpread,DoorMaster,6.725000,D,P,210778.000000
Tue Sep 01 09:07:06 2020,01-Sep-2020,110709,47 12.677700 N,060 21.944000 W,4.4,180.3,A,DoorSpread,DoorMaster,6.725000,D,P,210778.000000
Tue Sep 01 09:07:06 2020,01-Sep-2020,110710,47 12.676600 N,060 21.944100 W,4.4,180.4,A,DoorSpread,DoorMaster,6.725000,D,P,210778.000000
Tue Sep 01 09:07:10 2020,01-Sep-2020,110711,47 12.675300 N,060 21.944100 W,4.5,180.6,A,Depth,Depth,142.314815,D,S,75309.000000
Tue Sep 01 09:07:12 2020,01-Sep-2020,110712,47 12.673900 N,060 21.944000 W,4.6,180.6,A,DoorSpread,DoorMaster,7.465000,D,P,213410.000000
Tue Sep 01 09:07:12 2020,01-Sep-2020,110713,47 12.672400 N,060 21.943900 W,4.8,180.5,A,DoorSpread,DoorMaster,7.465000,D,P,213410.000000
Tue Sep 01 09:07:12 2020,01-Sep-2020,110714,47 12.670900 N,060 21.943900 W,4.9,180.4,A,DoorSpread,DoorMaster,7.465000,D,P,213410.000000
Tue Sep 01 09:07:12 2020,01-Sep-2020,110715,47 12.669500 N,060 21.944100 W,4.8,180.9,A,DoorSpread,DoorMaster,7.465000,D,P,213410.000000
Tue Sep 01 09:07:12 2020,01-Sep-2020,110716,47 12.668400 N,060 21.944200 W,4.7,181.3,A,DoorSpread,DoorMaster,7.465000,D,P,213410.000000
Tue Sep 01 09:07:17 2020,01-Sep-2020,110717,47 12.667300 N,060 21.944200 W,4.5,181.5,A,DoorSpread,DoorMaster,0.000000,E,S,122785.000000
Tue Sep 01 09:07:18 2020,01-Sep-2020,110718,47 12.666300 N,060 21.944000 W,4.4,181.6,A,Depth,Depth,136.388889,D,S,85246.000000
Tue Sep 01 09:07:19 2020,01-Sep-2020,110719,47 12.665100 N,060 21.943800 W,4.4,181.2,A,Primary,Headline,48.081633,D,S,95818.000000
Tue Sep 01 09:07:19 2020,01-Sep-2020,110720,47 12.663700 N,060 21.943700 W,4.6,181.2,A,Primary,Headline,48.081633,D,S,95818.000000
Tue Sep 01 09:07:19 2020,01-Sep-2020,110721,47 12.662200 N,060 21.943700 W,4.7,181.4,A,Primary,Headline,48.081633,D,S,95818.000000
Tue Sep 01 09:07:22 2020,01-Sep-2020,110722,47 12.660800 N,060 21.943700 W,4.7,181.1,A,DoorSpread,DoorMaster,0.000000,E,S,107403.000000
Tue Sep 01 09:07:22 2020,01-Sep-2020,110723,47 12.659400 N,060 21.943500 W,4.8,180.7,A,DoorSpread,DoorMaster,0.000000,E,S,107403.000000
Tue Sep 01 09:07:22 2020,01-Sep-2020,110724,47 12.658100 N,060 21.943400 W,4.8,180.6,A,DoorSpread,DoorMaster,0.000000,E,S,107403.000000
Tue Sep 01 09:07:24 2020,01-Sep-2020,110725,47 12.656900 N,060 21.943300 W,4.6,180.5,A,Primary,Headline,1.612245,D,S,62961.000000
Tue Sep 01 09:07:25 2020,01-Sep-2020,110726,47 12.655900 N,060 21.943200 W,4.4,180.3,A,Depth,Depth,146.296296,D,S,109754.000000
Tue Sep 01 09:07:27 2020,01-Sep-2020,110727,47 12.655000 N,060 21.943000 W,4.3,180.1,A,DoorSpread,DoorMaster,0.000000,E,S,55187.000000
Tue Sep 01 09:07:27 2020,01-Sep-2020,110728,47 12.653800 N,060 21.942900 W,4.4,180.2,A,DoorSpread,DoorMaster,0.000000,E,S,55187.000000
Tue Sep 01 09:07:27 2020,01-Sep-2020,110729,47 12.652500 N,060 21.943000 W,4.4,180.5,A,DoorSpread,DoorMaster,0.000000,E,S,55187.000000
Tue Sep 01 09:07:29 2020,01-Sep-2020,110730,47 12.651200 N,060 21.943100 W,4.4,180.7,A,Primary,Headline,1.877551,D,S,125066.000000
Tue Sep 01 09:07:29 2020,01-Sep-2020,110731,47 12.649800 N,060 21.943300 W,4.5,180.9,A,Primary,Headline,1.877551,D,S,125066.000000
Tue Sep 01 09:07:32 2020,01-Sep-2020,110732,47 12.648400 N,060 21.943400 W,4.6,180.9,A,DoorSpread,DoorMaster,0.000000,E,S,109359.000000
Tue Sep 01 09:07:33 2020,01-Sep-2020,110733,47 12.647000 N,060 21.943400 W,4.5,180.8,A,Depth,Depth,142.870370,D,S,75518.000000
Tue Sep 01 09:07:33 2020,01-Sep-2020,110734,47 12.645800 N,060 21.943500 W,4.5,181.0,A,Depth,Depth,142.870370,D,S,75518.000000
Tue Sep 01 09:07:33 2020,01-Sep-2020,110735,47 12.644500 N,060 21.943700 W,4.5,181.2,A,Depth,Depth,142.870370,D,S,75518.000000
Tue Sep 01 09:07:33 2020,01-Sep-2020,110736,47 12.643400 N,060 21.943800 W,4.4,180.8,A,Depth,Depth,142.870370,D,S,75518.000000
Tue Sep 01 09:07:33 2020,01-Sep-2020,110737,47 12.642300 N,060 21.943700 W,4.4,180.4,A,Depth,Depth,142.870370,D,S,75518.000000
Tue Sep 01 09:07:38 2020,01-Sep-2020,110738,47 12.640900 N,060 21.943800 W,4.5,180.3,A,DoorSpread,DoorMaster,6.950000,D,P,186135.000000
Tue Sep 01 09:07:38 2020,01-Sep-2020,110739,47 12.639400 N,060 21.943800 W,4.5,180.1,A,DoorSpread,DoorMaster,6.950000,D,P,186135.000000
Tue Sep 01 09:07:38 2020,01-Sep-2020,110740,47 12.638100 N,060 21.943900 W,4.5,180.1,A,DoorSpread,DoorMaster,6.950000,D,P,186135.000000
Tue Sep 01 09:07:40 2020,01-Sep-2020,110741,47 12.636800 N,060 21.943900 W,4.6,180.1,A,Depth,Depth,143.981481,D,S,67476.000000
Tue Sep 01 09:07:40 2020,01-Sep-2020,110742,47 12.635400 N,060 21.943800 W,4.7,180.1,A,Depth,Depth,143.981481,D,S,67476.000000
Tue Sep 01 09:07:43 2020,01-Sep-2020,110743,47 12.634000 N,060 21.943700 W,4.7,179.4,A,DoorSpread,DoorMaster,0.000000,E,S,120344.000000
Tue Sep 01 09:07:43 2020,01-Sep-2020,110744,47 12.632600 N,060 21.943500 W,4.6,178.9,A,DoorSpread,DoorMaster,0.000000,E,S,120344.000000
Tue Sep 01 09:07:43 2020,01-Sep-2020,110745,47 12.631400 N,060 21.943500 W,4.6,179.0,A,DoorSpread,DoorMaster,0.000000,E,S,120344.000000
Tue Sep 01 09:07:46 2020,01-Sep-2020,110746,47 12.630000 N,060 21.943600 W,4.7,179.2,A,Primary,Headline,3.061224,D,S,91721.000000
Tue Sep 01 09:07:46 2020,01-Sep-2020,110747,47 12.628700 N,060 21.943700 W,4.6,179.1,A,Primary,Headline,3.061224,D,S,91721.000000
Tue Sep 01 09:07:48 2020,01-Sep-2020,110748,47 12.627500 N,060 21.943500 W,4.5,178.4,A,Depth,Depth,150.000000,D,S,75988.000000
Tue Sep 01 09:07:49 2020,01-Sep-2020,110749,47 12.626400 N,060 21.943500 W,4.4,178.2,A,DoorSpread,DoorMaster,9.555000,D,S,55907.000000
Tue Sep 01 09:07:49 2020,01-Sep-2020,110750,47 12.625100 N,060 21.943700 W,4.5,178.5,A,DoorSpread,DoorMaster,9.555000,D,S,55907.000000
Tue Sep 01 09:07:51 2020,01-Sep-2020,110751,47 12.623900 N,060 21.943800 W,4.5,179.0,A,Primary,Headline,1.530612,D,S,67818.000000
Tue Sep 01 09:07:51 2020,01-Sep-2020,110752,47 12.622600 N,060 21.943800 W,4.6,179.4,A,Primary,Headline,1.530612,D,S,67818.000000
Tue Sep 01 09:07:51 2020,01-Sep-2020,110753,47 12.621300 N,060 21.943800 W,4.6,179.7,A,Primary,Headline,1.530612,D,S,67818.000000
Tue Sep 01 09:07:51 2020,01-Sep-2020,110754,47 12.620100 N,060 21.943700 W,4.6,179.4,A,Primary,Headline,1.530612,D,S,67818.000000
Tue Sep 01 09:07:54 2020,01-Sep-2020,110755,47 12.618900 N,060 21.943500 W,4.5,178.7,A,DoorSpread,DoorMaster,6.630000,D,S,81970.000000
Tue Sep 01 09:07:56 2020,01-Sep-2020,110756,47 12.617800 N,060 21.943400 W,4.5,178.5,A,Primary,Headline,22.367347,D,S,45317.000000
Tue Sep 01 09:07:56 2020,01-Sep-2020,110757,47 12.616500 N,060 21.943500 W,4.5,178.9,A,Primary,Headline,22.367347,D,S,45317.000000
Tue Sep 01 09:07:56 2020,01-Sep-2020,110758,47 12.615200 N,060 21.943400 W,4.6,179.1,A,Primary,Headline,22.367347,D,S,45317.000000
Tue Sep 01 09:07:56 2020,01-Sep-2020,110759,47 12.613800 N,060 21.943400 W,4.6,179.2,A,Primary,Headline,22.367347,D,S,45317.000000
Tue Sep 01 09:08:00 2020,01-Sep-2020,110800,47 12.612300 N,060 21.943200 W,4.7,179.4,A,DoorSpread,DoorMaster,8.620000,D,P,190998.000000
Tue Sep 01 09:08:01 2020,01-Sep-2020,110801,47 12.610900 N,060 21.943200 W,4.7,179.6,A,Primary,Headline,0.510204,D,S,131587.000000
Tue Sep 01 09:08:01 2020,01-Sep-2020,110802,47 12.609500 N,060 21.943200 W,4.6,179.6,A,Primary,Headline,0.510204,D,S,131587.000000
Tue Sep 01 09:08:03 2020,01-Sep-2020,110803,47 12.608300 N,060 21.943100 W,4.6,179.6,A,Depth,Depth,152.870370,D,S,62299.000000
Tue Sep 01 09:08:03 2020,01-Sep-2020,110804,47 12.607000 N,060 21.943100 W,4.6,179.5,A,Depth,Depth,152.870370,D,S,62299.000000
Tue Sep 01 09:08:05 2020,01-Sep-2020,110805,47 12.605900 N,060 21.943100 W,4.5,179.4,A,DoorSpread,DoorMaster,0.000000,E,S,68028.000000
Tue Sep 01 09:08:05 2020,01-Sep-2020,110806,47 12.604700 N,060 21.943100 W,4.5,179.1,A,DoorSpread,DoorMaster,0.000000,E,S,68028.000000
Tue Sep 01 09:08:05 2020,01-Sep-2020,110807,47 12.603500 N,060 21.943200 W,4.5,179.0,A,DoorSpread,DoorMaster,0.000000,E,S,68028.000000
Tue Sep 01 09:08:05 2020,01-Sep-2020,110808,47 12.602100 N,060 21.943400 W,4.6,179.2,A,DoorSpread,DoorMaster,0.000000,E,S,68028.000000
Tue Sep 01 09:08:05 2020,01-Sep-2020,110809,47 12.600800 N,060 21.943700 W,4.7,179.5,A,DoorSpread,DoorMaster,0.000000,E,S,68028.000000
Tue Sep 01 09:08:05 2020,01-Sep-2020,110810,47 12.599500 N,060 21.943800 W,4.6,179.5,A,DoorSpread,DoorMaster,0.000000,E,S,68028.000000
Tue Sep 01 09:08:11 2020,01-Sep-2020,110811,47 12.598300 N,060 21.943800 W,4.7,179.8,A,Depth,Depth,146.481481,D,S,280867.000000
Tue Sep 01 09:08:11 2020,01-Sep-2020,110812,47 12.597200 N,060 21.943800 W,4.6,179.9,A,Depth,Depth,146.481481,D,S,280867.000000
Tue Sep 01 09:08:11 2020,01-Sep-2020,110813,47 12.596000 N,060 21.943500 W,4.5,179.3,A,Depth,Depth,146.481481,D,S,280867.000000
Tue Sep 01 09:08:11 2020,01-Sep-2020,110814,47 12.594700 N,060 21.943100 W,4.5,178.4,A,Depth,Depth,146.481481,D,S,280867.000000
Tue Sep 01 09:08:11 2020,01-Sep-2020,110815,47 12.593300 N,060 21.942900 W,4.6,178.1,A,Depth,Depth,146.481481,D,S,280867.000000
Tue Sep 01 09:08:16 2020,01-Sep-2020,110816,47 12.591900 N,060 21.943200 W,4.7,178.4,A,DoorSpread,DoorMaster,7.520000,D,P,197641.000000
Tue Sep 01 09:08:17 2020,01-Sep-2020,110817,47 12.590400 N,060 21.943500 W,4.7,179.0,A,Primary,Headline,36.571429,D,S,80157.000000
Tue Sep 01 09:08:18 2020,01-Sep-2020,110818,47 12.589100 N,060 21.943700 W,4.7,179.2,A,Depth,Depth,154.537037,D,S,155781.000000
Tue Sep 01 09:08:18 2020,01-Sep-2020,110819,47 12.587800 N,060 21.943600 W,4.7,179.0,A,Depth,Depth,154.537037,D,S,155781.000000
Tue Sep 01 09:08:18 2020,01-Sep-2020,110820,47 12.586700 N,060 21.943500 W,4.5,178.7,A,Depth,Depth,154.537037,D,S,155781.000000
Tue Sep 01 09:08:18 2020,01-Sep-2020,110821,47 12.585600 N,060 21.943400 W,4.5,178.5,A,Depth,Depth,154.537037,D,S,155781.000000
Tue Sep 01 09:08:22 2020,01-Sep-2020,110822,47 12.584300 N,060 21.943300 W,4.6,178.7,A,Primary,Headline,33.142857,D,S,73677.000000
Tue Sep 01 09:08:22 2020,01-Sep-2020,110823,47 12.582900 N,060 21.943300 W,4.6,178.8,A,Primary,Headline,33.142857,D,S,73677.000000
Tue Sep 01 09:08:22 2020,01-Sep-2020,110824,47 12.581600 N,060 21.943200 W,4.7,178.8,A,Primary,Headline,33.142857,D,S,73677.000000
Tue Sep 01 09:08:22 2020,01-Sep-2020,110825,47 12.580300 N,060 21.943100 W,4.6,179.0,A,Primary,Headline,33.142857,D,S,73677.000000
Tue Sep 01 09:08:26 2020,01-Sep-2020,110826,47 12.579100 N,060 21.943300 W,4.7,179.1,A,Depth,Depth,158.888889,D,S,54883.000000
Tue Sep 01 09:08:27 2020,01-Sep-2020,110827,47 12.577900 N,060 21.943100 W,4.6,178.9,A,Primary,Headline,1.306122,D,S,76161.000000
Tue Sep 01 09:08:27 2020,01-Sep-2020,110828,47 12.576700 N,060 21.943100 W,4.6,178.9,A,Primary,Headline,1.306122,D,S,76161.000000
Tue Sep 01 09:08:27 2020,01-Sep-2020,110829,47 12.575400 N,060 21.943200 W,4.7,179.0,A,Primary,Headline,1.306122,D,S,76161.000000
Tue Sep 01 09:08:27 2020,01-Sep-2020,110830,47 12.574100 N,060 21.943200 W,4.7,179.2,A,Primary,Headline,1.306122,D,S,76161.000000
Tue Sep 01 09:08:27 2020,01-Sep-2020,110831,47 12.573000 N,060 21.943200 W,4.5,179.4,A,Primary,Headline,1.306122,D,S,76161.000000
Tue Sep 01 09:08:32 2020,01-Sep-2020,110832,47 12.572000 N,060 21.943300 W,4.4,179.4,A,DoorSpread,DoorMaster,0.000000,E,S,135331.000000
Tue Sep 01 09:08:33 2020,01-Sep-2020,110833,47 12.571000 N,060 21.943200 W,4.4,179.1,A,Depth,Depth,163.055556,D,S,33838.000000
Tue Sep 01 09:08:33 2020,01-Sep-2020,110834,47 12.569800 N,060 21.942900 W,4.4,178.7,A,Depth,Depth,163.055556,D,S,33838.000000
Tue Sep 01 09:08:33 2020,01-Sep-2020,110835,47 12.568500 N,060 21.942700 W,4.6,178.8,A,Depth,Depth,163.055556,D,S,33838.000000
Tue Sep 01 09:08:33 2020,01-Sep-2020,110836,47 12.567200 N,060 21.942700 W,4.6,178.8,A,Depth,Depth,163.055556,D,S,33838.000000
Tue Sep 01 09:08:37 2020,01-Sep-2020,110837,47 12.566000 N,060 21.942700 W,4.5,178.7,A,DoorSpread,DoorMaster,0.000000,E,S,112057.000000
Tue Sep 01 09:08:37 2020,01-Sep-2020,110838,47 12.564800 N,060 21.942500 W,4.5,178.4,A,DoorSpread,DoorMaster,0.000000,E,S,112057.000000
Tue Sep 01 09:08:38 2020,01-Sep-2020,110839,47 12.563600 N,060 21.942400 W,4.4,178.2,A,Primary,Headline,32.714286,D,S,64684.000000
Tue Sep 01 09:08:38 2020,01-Sep-2020,110840,47 12.562600 N,060 21.942500 W,4.1,178.2,A,Primary,Headline,32.714286,D,S,64684.000000
Tue Sep 01 09:08:41 2020,01-Sep-2020,110841,47 12.561600 N,060 21.942400 W,4.2,177.8,A,Depth,Depth,144.166667,D,S,55028.000000
Tue Sep 01 09:08:42 2020,01-Sep-2020,110842,47 12.560200 N,060 21.942200 W,4.3,177.3,A,DoorSpread,DoorMaster,0.000000,E,S,106065.000000
Tue Sep 01 09:08:42 2020,01-Sep-2020,110843,47 12.558900 N,060 21.942000 W,4.4,176.6,A,DoorSpread,DoorMaster,0.000000,E,S,106065.000000
Tue Sep 01 09:08:44 2020,01-Sep-2020,110844,47 12.557600 N,060 21.941800 W,4.3,176.2,A,Primary,Headline,32.204082,D,P,45668.000000
Tue Sep 01 09:08:44 2020,01-Sep-2020,110845,47 12.556500 N,060 21.941700 W,4.2,176.0,A,Primary,Headline,32.204082,D,P,45668.000000
Tue Sep 01 09:08:44 2020,01-Sep-2020,110846,47 12.555600 N,060 21.941600 W,4.0,175.5,A,Primary,Headline,32.204082,D,P,45668.000000
Tue Sep 01 09:08:47 2020,01-Sep-2020,110847,47 12.554800 N,060 21.941100 W,3.9,174.7,A,DoorSpread,DoorMaster,0.000000,E,P,186181.000000
Tue Sep 01 09:08:47 2020,01-Sep-2020,110848,47 12.554000 N,060 21.940700 W,3.7,174.0,A,DoorSpread,DoorMaster,0.000000,E,P,186181.000000
Tue Sep 01 09:08:49 2020,01-Sep-2020,110849,47 12.553400 N,060 21.940400 W,3.5,173.4,A,Primary,Headline,28.673469,D,P,63384.000000
Tue Sep 01 09:08:49 2020,01-Sep-2020,110850,47 12.552700 N,060 21.940200 W,3.5,173.0,A,Primary,Headline,28.673469,D,P,63384.000000
Tue Sep 01 09:08:49 2020,01-Sep-2020,110851,47 12.551900 N,060 21.940100 W,3.3,172.9,A,Primary,Headline,28.673469,D,P,63384.000000
Tue Sep 01 09:08:52 2020,01-Sep-2020,110852,47 12.551400 N,060 21.939800 W,3.1,172.7,A,DoorSpread,DoorMaster,0.000000,E,S,59719.000000
Tue Sep 01 09:08:52 2020,01-Sep-2020,110853,47 12.550800 N,060 21.939400 W,3.0,172.1,A,DoorSpread,DoorMaster,0.000000,E,S,59719.000000
Tue Sep 01 09:08:52 2020,01-Sep-2020,110854,47 12.550200 N,060 21.939000 W,2.9,171.5,A,DoorSpread,DoorMaster,0.000000,E,S,59719.000000
Tue Sep 01 09:08:55 2020,01-Sep-2020,110855,47 12.549800 N,060 21.938800 W,2.7,171.1,A,Primary,Headline,29.755102,D,S,17611.000000
Tue Sep 01 09:08:56 2020,01-Sep-2020,110856,47 12.549500 N,060 21.938500 W,2.4,170.8,A,Depth,Depth,158.148148,D,S,78675.000000
Tue Sep 01 09:08:56 2020,01-Sep-2020,110857,47 12.549300 N,060 21.938200 W,2.3,170.2,A,Depth,Depth,158.148148,D,S,78675.000000
Tue Sep 01 09:08:57 2020,01-Sep-2020,110858,47 12.549000 N,060 21.937800 W,2.1,169.7,A,DoorSpread,DoorMaster,7.105000,D,P,69361.000000
Tue Sep 01 09:08:57 2020,01-Sep-2020,110859,47 12.548600 N,060 21.937400 W,2.2,168.4,A,DoorSpread,DoorMaster,7.105000,D,P,69361.000000
Tue Sep 01 09:09:00 2020,01-Sep-2020,110900,47 12.548000 N,060 21.937000 W,2.2,167.3,A,Primary,Headline,28.551020,D,S,73085.000000
Tue Sep 01 09:09:00 2020,01-Sep-2020,110901,47 12.547400 N,060 21.936700 W,2.1,166.7,A,Primary,Headline,28.551020,D,S,73085.000000
Tue Sep 01 09:09:00 2020,01-Sep-2020,110902,47 12.547100 N,060 21.936300 W,2.1,165.8,A,Primary,Headline,28.551020,D,S,73085.000000
Tue Sep 01 09:09:03 2020,01-Sep-2020,110903,47 12.547000 N,060 21.935900 W,1.9,165.2,A,DoorSpread,DoorMaster,7.130000,D,P,162110.000000
Tue Sep 01 09:09:04 2020,01-Sep-2020,110904,47 12.546800 N,060 21.935500 W,1.8,164.6,A,Depth,Depth,160.555556,D,S,89216.000000
Tue Sep 01 09:09:04 2020,01-Sep-2020,110905,47 12.546400 N,060 21.935500 W,1.9,164.5,A,Depth,Depth,160.555556,D,S,89216.000000
Tue Sep 01 09:09:06 2020,01-Sep-2020,110906,47 12.545900 N,060 21.935500 W,1.9,164.5,A,Primary,Headline,28.387755,D,P,63033.000000
Tue Sep 01 09:09:06 2020,01-Sep-2020,110907,47 12.545400 N,060 21.935200 W,2.0,164.1,A,Primary,Headline,28.387755,D,P,63033.000000
Tue Sep 01 09:09:06 2020,01-Sep-2020,110908,47 12.544900 N,060 21.934700 W,2.0,162.8,A,Primary,Headline,28.387755,D,P,63033.000000
Tue Sep 01 09:09:09 2020,01-Sep-2020,110909,47 12.544400 N,060 21.934200 W,2.1,161.9,A,DoorSpread,DoorMaster,6.525000,D,P,103634.000000
Tue Sep 01 09:09:09 2020,01-Sep-2020,110910,47 12.544000 N,060 21.934000 W,2.1,161.9,A,DoorSpread,DoorMaster,6.525000,D,P,103634.000000
Tue Sep 01 09:09:11 2020,01-Sep-2020,110911,47 12.543400 N,060 21.933900 W,2.3,163.0,A,Depth,Depth,160.092593,D,P,177251.000000
Tue Sep 01 09:09:11 2020,01-Sep-2020,110912,47 12.542700 N,060 21.933700 W,2.2,163.6,A,Depth,Depth,160.092593,D,P,177251.000000
Tue Sep 01 09:09:11 2020,01-Sep-2020,110913,47 12.542200 N,060 21.933500 W,2.3,164.3,A,Depth,Depth,160.092593,D,P,177251.000000
Tue Sep 01 09:09:14 2020,01-Sep-2020,110914,47 12.541600 N,060 21.933200 W,2.3,164.4,A,DoorSpread,DoorMaster,6.690000,D,S,37845.000000
Tue Sep 01 09:09:14 2020,01-Sep-2020,110915,47 12.541200 N,060 21.932700 W,2.2,164.5,A,DoorSpread,DoorMaster,6.690000,D,S,37845.000000
Tue Sep 01 09:09:14 2020,01-Sep-2020,110916,47 12.540900 N,060 21.932300 W,2.1,164.4,A,DoorSpread,DoorMaster,6.690000,D,S,37845.000000
Tue Sep 01 09:09:16 2020,01-Sep-2020,110917,47 12.540500 N,060 21.932200 W,2.1,165.0,A,Primary,Headline,24.081633,D,P,122395.000000
Tue Sep 01 09:09:16 2020,01-Sep-2020,110918,47 12.539800 N,060 21.932200 W,2.2,165.9,A,Primary,Headline,24.081633,D,P,122395.000000
Tue Sep 01 09:09:19 2020,01-Sep-2020,110919,47 12.539300 N,060 21.932000 W,2.1,166.1,A,Depth,Depth,163.796296,D,P,122467.000000
Tue Sep 01 09:09:20 2020,01-Sep-2020,110920,47 12.538900 N,060 21.931600 W,2.2,165.5,A,DoorSpread,DoorMaster,6.650000,D,P,81786.000000
Tue Sep 01 09:09:20 2020,01-Sep-2020,110921,47 12.538300 N,060 21.931200 W,2.1,165.1,A,DoorSpread,DoorMaster,6.650000,D,P,81786.000000
Tue Sep 01 09:09:22 2020,01-Sep-2020,110922,47 12.537900 N,060 21.930900 W,2.0,164.7,A,Primary,Headline,22.551020,D,P,110577.000000
Tue Sep 01 09:09:22 2020,01-Sep-2020,110923,47 12.537500 N,060 21.930600 W,2.0,164.2,A,Primary,Headline,22.551020,D,P,110577.000000
Tue Sep 01 09:09:22 2020,01-Sep-2020,110924,47 12.537000 N,060 21.930400 W,1.9,163.9,A,Primary,Headline,22.551020,D,P,110577.000000
Tue Sep 01 09:09:22 2020,01-Sep-2020,110925,47 12.536500 N,060 21.930200 W,2.0,163.8,A,Primary,Headline,22.551020,D,P,110577.000000
Tue Sep 01 09:09:25 2020,01-Sep-2020,110926,47 12.535800 N,060 21.930000 W,2.0,163.6,A,DoorSpread,DoorMaster,6.750000,D,S,45784.000000
Tue Sep 01 09:09:26 2020,01-Sep-2020,110927,47 12.535400 N,060 21.929700 W,2.0,163.1,A,Depth,Depth,168.148148,D,S,46108.000000
Tue Sep 01 09:09:26 2020,01-Sep-2020,110928,47 12.534900 N,060 21.929200 W,2.0,162.4,A,Depth,Depth,168.148148,D,S,46108.000000
Tue Sep 01 09:09:26 2020,01-Sep-2020,110929,47 12.534300 N,060 21.928800 W,2.1,162.2,A,Depth,Depth,168.148148,D,S,46108.000000
Tue Sep 01 09:09:26 2020,01-Sep-2020,110930,47 12.533600 N,060 21.928600 W,2.3,162.8,A,Depth,Depth,168.148148,D,S,46108.000000
Tue Sep 01 09:09:31 2020,01-Sep-2020,110931,47 12.532800 N,060 21.928400 W,2.3,163.4,A,DoorSpread,DoorMaster,6.125000,D,P,178199.000000
Tue Sep 01 09:09:31 2020,01-Sep-2020,110932,47 12.532100 N,060 21.928200 W,2.4,164.0,A,DoorSpread,DoorMaster,6.125000,D,P,178199.000000
Tue Sep 01 09:09:31 2020,01-Sep-2020,110933,47 12.531500 N,060 21.927900 W,2.4,164.1,A,DoorSpread,DoorMaster,6.125000,D,P,178199.000000
Tue Sep 01 09:09:34 2020,01-Sep-2020,110934,47 12.531100 N,060 21.927600 W,2.3,163.8,A,Depth,Depth,166.759259,D,S,55892.000000
Tue Sep 01 09:09:34 2020,01-Sep-2020,110935,47 12.530600 N,060 21.927400 W,2.3,163.6,A,Depth,Depth,166.759259,D,S,55892.000000
Tue Sep 01 09:09:34 2020,01-Sep-2020,110936,47 12.530100 N,060 21.927200 W,2.2,163.4,A,Depth,Depth,166.759259,D,S,55892.000000
Tue Sep 01 09:09:37 2020,01-Sep-2020,110937,47 12.529600 N,060 21.926900 W,2.3,163.4,A,DoorSpread,DoorMaster,6.075000,D,S,80763.000000
Tue Sep 01 09:09:38 2020,01-Sep-2020,110938,47 12.529000 N,060 21.926700 W,2.3,163.4,A,Primary,Headline,16.632653,D,S,60261.000000
Tue Sep 01 09:09:38 2020,01-Sep-2020,110939,47 12.528400 N,060 21.926400 W,2.3,163.3,A,Primary,Headline,16.632653,D,S,60261.000000
Tue Sep 01 09:09:38 2020,01-Sep-2020,110940,47 12.528000 N,060 21.926300 W,2.2,163.3,A,Primary,Headline,16.632653,D,S,60261.000000
Tue Sep 01 09:09:38 2020,01-Sep-2020,110941,47 12.527700 N,060 21.926100 W,2.0,163.2,A,Primary,Headline,16.632653,D,S,60261.000000
Tue Sep 01 09:09:42 2020,01-Sep-2020,110942,47 12.527400 N,060 21.925700 W,2.0,162.9,A,DoorSpread,DoorMaster,6.065000,D,S,127693.000000
Tue Sep 01 09:09:43 2020,01-Sep-2020,110943,47 12.526700 N,060 21.925300 W,2.3,162.7,A,Primary,Headline,14.530612,D,S,143019.000000
Tue Sep 01 09:09:43 2020,01-Sep-2020,110944,47 12.526100 N,060 21.924900 W,2.1,162.7,A,Primary,Headline,14.530612,D,S,143019.000000
Tue Sep 01 09:09:43 2020,01-Sep-2020,110945,47 12.525900 N,060 21.924600 W,1.9,162.7,A,Primary,Headline,14.530612,D,S,143019.000000
Tue Sep 01 09:09:43 2020,01-Sep-2020,110946,47 12.525600 N,060 21.924200 W,2.0,162.3,A,Primary,Headline,14.530612,D,S,143019.000000
Tue Sep 01 09:09:43 2020,01-Sep-2020,110947,47 12.524800 N,060 21.923800 W,2.3,162.9,A,Primary,Headline,14.530612,D,S,143019.000000
Tue Sep 01 09:09:48 2020,01-Sep-2020,110948,47 12.524000 N,060 21.923400 W,2.3,163.0,A,DoorSpread,DoorMaster,5.995000,D,S,100017.000000
Tue Sep 01 09:09:48 2020,01-Sep-2020,110949,47 12.523600 N,060 21.922900 W,2.1,163.1,A,Primary,Headline,12.755102,D,P,109244.000000
Tue Sep 01 09:09:49 2020,01-Sep-2020,110950,47 12.523500 N,060 21.922400 W,2.0,163.2,A,Depth,Depth,173.703704,D,S,159083.000000
Tue Sep 01 09:09:49 2020,01-Sep-2020,110951,47 12.523100 N,060 21.921800 W,2.1,163.4,A,Depth,Depth,173.703704,D,S,159083.000000
Tue Sep 01 09:09:49 2020,01-Sep-2020,110952,47 12.522500 N,060 21.921400 W,2.1,163.5,A,Depth,Depth,173.703704,D,S,159083.000000
Tue Sep 01 09:09:49 2020,01-Sep-2020,110953,47 12.522000 N,060 21.921400 W,2.1,163.7,A,Depth,Depth,173.703704,D,S,159083.000000
Tue Sep 01 09:09:53 2020,01-Sep-2020,110954,47 12.521400 N,060 21.921400 W,2.2,163.9,A,Primary,Headline,11.163265,D,P,44344.000000
Tue Sep 01 09:09:53 2020,01-Sep-2020,110955,47 12.520900 N,060 21.921200 W,2.1,163.6,A,Primary,Headline,11.163265,D,P,44344.000000
Tue Sep 01 09:09:53 2020,01-Sep-2020,110956,47 12.520400 N,060 21.920900 W,2.1,163.4,A,Primary,Headline,11.163265,D,P,44344.000000
Tue Sep 01 09:09:57 2020,01-Sep-2020,110957,47 12.519900 N,060 21.920500 W,2.2,162.4,A,Depth,Depth,177.314815,D,P,135210.000000
Tue Sep 01 09:09:57 2020,01-Sep-2020,110958,47 12.519200 N,060 21.920000 W,2.3,161.4,A,Depth,Depth,177.314815,D,P,135210.000000
Tue Sep 01 09:09:59 2020,01-Sep-2020,110959,47 12.518500 N,060 21.919600 W,2.4,160.8,A,DoorSpread,DoorMaster,5.900000,D,P,93813.000000
Tue Sep 01 09:09:59 2020,01-Sep-2020,111000,47 12.517900 N,060 21.919300 W,2.4,160.3,A,DoorSpread,DoorMaster,5.900000,D,P,93813.000000
Tue Sep 01 09:09:59 2020,01-Sep-2020,111001,47 12.517300 N,060 21.919000 W,2.3,160.0,A,DoorSpread,DoorMaster,5.900000,D,P,93813.000000
Tue Sep 01 09:09:59 2020,01-Sep-2020,111002,47 12.517000 N,060 21.918700 W,2.2,159.6,A,DoorSpread,DoorMaster,5.900000,D,P,93813.000000
Tue Sep 01 09:09:59 2020,01-Sep-2020,111003,47 12.516600 N,060 21.918400 W,2.1,159.3,A,DoorSpread,DoorMaster,5.900000,D,P,93813.000000
Tue Sep 01 09:10:04 2020,01-Sep-2020,111004,47 12.516300 N,060 21.918100 W,1.9,159.1,A,Primary,Headline,7.265306,D,S,102232.000000
Tue Sep 01 09:10:05 2020,01-Sep-2020,111005,47 12.515900 N,060 21.917700 W,1.9,158.7,A,Depth,Depth,179.722222,D,S,78087.000000
Tue Sep 01 09:10:05 2020,01-Sep-2020,111006,47 12.515300 N,060 21.917300 W,2.0,158.5,A,Depth,Depth,179.722222,D,S,78087.000000
Tue Sep 01 09:10:05 2020,01-Sep-2020,111007,47 12.514800 N,060 21.916900 W,2.1,158.3,A,Depth,Depth,179.722222,D,S,78087.000000
Tue Sep 01 09:10:05 2020,01-Sep-2020,111008,47 12.514100 N,060 21.916500 W,2.1,158.2,A,Depth,Depth,179.722222,D,S,78087.000000
Tue Sep 01 09:10:09 2020,01-Sep-2020,111009,47 12.513600 N,060 21.916000 W,2.1,158.1,A,Primary,Headline,5.693878,D,S,108128.000000
Tue Sep 01 09:10:10 2020,01-Sep-2020,111010,47 12.513100 N,060 21.915600 W,2.1,158.0,A,DoorSpread,DoorMaster,6.425000,D,P,107402.000000
Tue Sep 01 09:10:10 2020,01-Sep-2020,111011,47 12.512600 N,060 21.915200 W,2.2,158.2,A,DoorSpread,DoorMaster,6.425000,D,P,107402.000000
Tue Sep 01 09:10:12 2020,01-Sep-2020,111012,47 12.511900 N,060 21.914900 W,2.3,158.6,A,Depth,Depth,182.777778,D,S,132002.000000
Tue Sep 01 09:10:12 2020,01-Sep-2020,111013,47 12.511300 N,060 21.914600 W,2.3,158.9,A,Depth,Depth,182.777778,D,S,132002.000000
Tue Sep 01 09:10:14 2020,01-Sep-2020,111014,47 12.510700 N,060 21.914300 W,2.3,159.1,A,Primary,Headline,4.448980,D,P,93850.000000
Tue Sep 01 09:10:14 2020,01-Sep-2020,111015,47 12.510000 N,060 21.913900 W,2.3,159.3,A,Primary,Headline,4.448980,D,P,93850.000000
Tue Sep 01 09:10:16 2020,01-Sep-2020,111016,47 12.509400 N,060 21.913500 W,2.3,159.2,A,DoorSpread,DoorMaster,7.210000,D,P,23184.000000
Tue Sep 01 09:10:16 2020,01-Sep-2020,111017,47 12.508800 N,060 21.913100 W,2.4,159.2,A,DoorSpread,DoorMaster,7.210000,D,P,23184.000000
Tue Sep 01 09:10:16 2020,01-Sep-2020,111018,47 12.508300 N,060 21.912600 W,2.3,159.1,A,DoorSpread,DoorMaster,7.210000,D,P,23184.000000
Tue Sep 01 09:10:19 2020,01-Sep-2020,111019,47 12.507800 N,060 21.912300 W,2.3,158.9,A,Primary,Headline,3.408163,D,P,170298.000000
Tue Sep 01 09:10:20 2020,01-Sep-2020,111020,47 12.507400 N,060 21.911800 W,2.3,158.8,A,Depth,Depth,183.888889,D,P,162991.000000
Tue Sep 01 09:10:20 2020,01-Sep-2020,111021,47 12.506900 N,060 21.911300 W,2.3,158.7,A,Depth,Depth,183.888889,D,P,162991.000000
Tue Sep 01 09:10:21 2020,01-Sep-2020,111022,47 12.506300 N,060 21.910800 W,2.4,158.6,A,DoorSpread,DoorMaster,6.975000,D,S,173036.000000
Tue Sep 01 09:10:21 2020,01-Sep-2020,111023,47 12.505800 N,060 21.910400 W,2.4,158.6,A,DoorSpread,DoorMaster,6.975000,D,S,173036.000000
Tue Sep 01 09:10:24 2020,01-Sep-2020,111024,47 12.505300 N,060 21.910000 W,2.3,158.4,A,Primary,Headline,2.285714,D,P,73472.000000
Tue Sep 01 09:10:24 2020,01-Sep-2020,111025,47 12.504900 N,060 21.909700 W,2.3,157.7,A,Primary,Headline,2.285714,D,P,73472.000000
Tue Sep 01 09:10:24 2020,01-Sep-2020,111026,47 12.504600 N,060 21.909200 W,2.2,157.2,A,Primary,Headline,2.285714,D,P,73472.000000
Tue Sep 01 09:10:27 2020,01-Sep-2020,111027,47 12.504200 N,060 21.908900 W,2.2,156.6,A,DoorSpread,DoorMaster,7.560000,D,P,70121.000000
Tue Sep 01 09:10:28 2020,01-Sep-2020,111028,47 12.503600 N,060 21.908700 W,2.2,156.2,A,Depth,Depth,185.833333,D,S,36795.000000
Tue Sep 01 09:10:29 2020,01-Sep-2020,111029,47 12.503000 N,060 21.908800 W,2.2,155.8,A,Primary,Headline,2.183673,D,P,74752.000000
Tue Sep 01 09:10:29 2020,01-Sep-2020,111030,47 12.502400 N,060 21.908800 W,2.3,156.5,A,Primary,Headline,2.183673,D,P,74752.000000
Tue Sep 01 09:10:29 2020,01-Sep-2020,111031,47 12.501700 N,060 21.908500 W,2.4,156.8,A,Primary,Headline,2.183673,D,P,74752.000000
Tue Sep 01 09:10:29 2020,01-Sep-2020,111032,47 12.501100 N,060 21.907900 W,2.5,155.9,A,Primary,Headline,2.183673,D,P,74752.000000
Tue Sep 01 09:10:33 2020,01-Sep-2020,111033,47 12.500600 N,060 21.907100 W,2.5,155.3,A,DoorSpread,DoorMaster,7.710000,D,P,166002.000000
Tue Sep 01 09:10:34 2020,01-Sep-2020,111034,47 12.500200 N,060 21.906700 W,2.4,154.9,A,Primary,Headline,1.938776,D,S,33925.000000
Tue Sep 01 09:10:35 2020,01-Sep-2020,111035,47 12.499700 N,060 21.906500 W,2.4,155.5,A,Depth,Depth,186.666667,D,P,21360.000000
Tue Sep 01 09:10:35 2020,01-Sep-2020,111036,47 12.499200 N,060 21.906400 W,2.3,156.1,A,Depth,Depth,186.666667,D,S,92315.000000
Tue Sep 01 09:10:35 2020,01-Sep-2020,111037,47 12.498800 N,060 21.906200 W,2.2,156.4,A,Depth,Depth,186.666667,D,S,92315.000000
Tue Sep 01 09:10:35 2020,01-Sep-2020,111038,47 12.498300 N,060 21.905800 W,2.3,156.2,A,Depth,Depth,186.666667,D,S,92315.000000
Tue Sep 01 09:10:39 2020,01-Sep-2020,111039,47 12.497800 N,060 21.905200 W,2.2,156.1,A,Primary,Headline,1.551020,D,P,78998.000000
Tue Sep 01 09:10:39 2020,01-Sep-2020,111040,47 12.497400 N,060 21.904800 W,2.1,156.0,A,Primary,Headline,1.551020,D,P,78998.000000
Tue Sep 01 09:10:39 2020,01-Sep-2020,111041,47 12.497000 N,060 21.904400 W,2.0,156.0,A,Primary,Headline,1.551020,D,P,78998.000000
Tue Sep 01 09:10:39 2020,01-Sep-2020,111042,47 12.496600 N,060 21.904100 W,2.0,155.7,A,Primary,Headline,1.551020,D,P,78998.000000
Tue Sep 01 09:10:43 2020,01-Sep-2020,111043,47 12.496100 N,060 21.903700 W,2.1,155.7,A,Depth,Depth,190.185185,D,S,61736.000000
Tue Sep 01 09:10:44 2020,01-Sep-2020,111044,47 12.495400 N,060 21.903400 W,2.1,156.4,A,DoorSpread,DoorMaster,8.420000,D,S,88021.000000
Tue Sep 01 09:10:44 2020,01-Sep-2020,111045,47 12.494800 N,060 21.903300 W,2.1,156.9,A,DoorSpread,DoorMaster,8.420000,D,S,88021.000000
Tue Sep 01 09:10:44 2020,01-Sep-2020,111046,47 12.494100 N,060 21.903000 W,2.2,157.0,A,DoorSpread,DoorMaster,8.420000,D,S,88021.000000
Tue Sep 01 09:10:44 2020,01-Sep-2020,111047,47 12.493500 N,060 21.902600 W,2.2,156.2,A,DoorSpread,DoorMaster,8.420000,D,S,88021.000000
Tue Sep 01 09:10:44 2020,01-Sep-2020,111048,47 12.492800 N,060 21.902000 W,2.3,155.7,A,DoorSpread,DoorMaster,8.420000,D,S,88021.000000
Tue Sep 01 09:10:49 2020,01-Sep-2020,111049,47 12.492200 N,060 21.901600 W,2.3,155.5,A,DoorSpread,DoorMaster,0.000000,E,S,13678.000000
Tue Sep 01 09:10:49 2020,01-Sep-2020,111050,47 12.491500 N,060 21.901300 W,2.3,155.7,A,DoorSpread,DoorMaster,0.000000,E,S,13678.000000
Tue Sep 01 09:10:51 2020,01-Sep-2020,111051,47 12.491000 N,060 21.901000 W,2.3,156.0,A,Depth,Depth,181.574074,D,P,59329.000000
Tue Sep 01 09:10:51 2020,01-Sep-2020,111052,47 12.490400 N,060 21.900600 W,2.3,156.4,A,Depth,Depth,181.574074,D,P,59329.000000
Tue Sep 01 09:10:51 2020,01-Sep-2020,111053,47 12.489700 N,060 21.900300 W,2.3,157.1,A,Depth,Depth,181.574074,D,P,59329.000000
Tue Sep 01 09:10:54 2020,01-Sep-2020,111054,47 12.489100 N,060 21.900000 W,2.3,157.6,A,Primary,Headline,9.326531,D,S,26534.000000
Tue Sep 01 09:10:55 2020,01-Sep-2020,111055,47 12.488700 N,060 21.899500 W,2.3,157.3,A,DoorSpread,DoorMaster,9.915000,D,S,89980.000000
Tue Sep 01 09:10:55 2020,01-Sep-2020,111056,47 12.488300 N,060 21.898900 W,2.2,156.4,A,DoorSpread,DoorMaster,9.915000,D,S,89980.000000
Tue Sep 01 09:10:55 2020,01-Sep-2020,111057,47 12.487900 N,060 21.898300 W,2.2,155.4,A,DoorSpread,DoorMaster,9.915000,D,S,89980.000000
Tue Sep 01 09:10:58 2020,01-Sep-2020,111058,47 12.487400 N,060 21.897900 W,2.1,154.8,A,Depth,Depth,188.240741,D,P,16722.000000
Tue Sep 01 09:10:59 2020,01-Sep-2020,111059,47 12.486900 N,060 21.897700 W,2.1,154.4,A,Primary,Headline,1.795918,D,S,9533.000000
Tue Sep 01 09:10:59 2020,01-Sep-2020,111100,47 12.486400 N,060 21.897500 W,2.0,153.9,A,Primary,Headline,1.795918,D,S,9533.000000
Tue Sep 01 09:11:01 2020,01-Sep-2020,111101,47 12.485900 N,060 21.897300 W,2.1,153.5,A,DoorSpread,DoorMaster,9.935000,D,S,137643.000000
Tue Sep 01 09:11:01 2020,01-Sep-2020,111102,47 12.485400 N,060 21.897000 W,2.1,152.9,A,DoorSpread,DoorMaster,9.935000,D,S,137643.000000
Tue Sep 01 09:11:01 2020,01-Sep-2020,111103,47 12.485000 N,060 21.896400 W,2.1,151.9,A,DoorSpread,DoorMaster,9.935000,D,S,137643.000000
Tue Sep 01 09:11:04 2020,01-Sep-2020,111104,47 12.484600 N,060 21.896000 W,2.1,151.5,A,Secondary,Headline,0.000000,E,S,50935.000000
Tue Sep 01 09:11:04 2020,01-Sep-2020,111105,47 12.484200 N,060 21.895800 W,2.0,151.5,A,Secondary,Headline,0.000000,E,S,50935.000000
Tue Sep 01 09:11:06 2020,01-Sep-2020,111106,47 12.483900 N,060 21.895600 W,2.0,151.6,A,Depth,Depth,185.925926,D,S,86389.000000
Tue Sep 01 09:11:07 2020,01-Sep-2020,111107,47 12.483500 N,060 21.895200 W,2.0,151.3,A,DoorSpread,DoorMaster,9.895000,D,S,110158.000000
Tue Sep 01 09:11:07 2020,01-Sep-2020,111108,47 12.483000 N,060 21.894700 W,2.0,150.7,A,DoorSpread,DoorMaster,9.895000,D,S,110158.000000
Tue Sep 01 09:11:09 2020,01-Sep-2020,111109,47 12.482300 N,060 21.894200 W,2.1,150.2,A,Primary,Headline,1.571429,D,P,59444.000000
Tue Sep 01 09:11:09 2020,01-Sep-2020,111110,47 12.481500 N,060 21.893700 W,2.2,150.4,A,Primary,Headline,1.571429,D,P,59444.000000
Tue Sep 01 09:11:09 2020,01-Sep-2020,111111,47 12.480900 N,060 21.893400 W,2.1,150.7,A,Primary,Headline,1.571429,D,P,59444.000000
Tue Sep 01 09:11:12 2020,01-Sep-2020,111112,47 12.480400 N,060 21.893100 W,2.0,150.8,A,DoorSpread,DoorMaster,0.000000,E,S,202442.000000
Tue Sep 01 09:11:12 2020,01-Sep-2020,111113,47 12.480000 N,060 21.892700 W,2.0,150.6,A,DoorSpread,DoorMaster,0.000000,E,S,202442.000000
Tue Sep 01 09:11:14 2020,01-Sep-2020,111114,47 12.479600 N,060 21.892000 W,2.1,149.7,A,Primary,Headline,1.693878,D,P,188826.000000
Tue Sep 01 09:11:14 2020,01-Sep-2020,111115,47 12.479000 N,060 21.891300 W,2.2,149.2,A,Primary,Headline,1.693878,D,P,188826.000000
Tue Sep 01 09:11:14 2020,01-Sep-2020,111116,47 12.478400 N,060 21.890900 W,2.2,149.4,A,Primary,Headline,1.693878,D,P,188826.000000
Tue Sep 01 09:11:17 2020,01-Sep-2020,111117,47 12.477800 N,060 21.890600 W,2.2,149.9,A,DoorSpread,DoorMaster,0.000000,E,P,101214.000000
Tue Sep 01 09:11:17 2020,01-Sep-2020,111118,47 12.477200 N,060 21.890300 W,2.2,150.3,A,DoorSpread,DoorMaster,0.000000,E,P,101214.000000
Tue Sep 01 09:11:19 2020,01-Sep-2020,111119,47 12.476800 N,060 21.889900 W,2.2,150.6,A,Primary,Headline,1.469388,D,P,104154.000000
Tue Sep 01 09:11:19 2020,01-Sep-2020,111120,47 12.476200 N,060 21.889300 W,2.3,150.8,A,Primary,Headline,1.469388,D,P,104154.000000
Tue Sep 01 09:11:19 2020,01-Sep-2020,111121,47 12.475600 N,060 21.888900 W,2.3,151.2,A,Primary,Headline,1.469388,D,P,104154.000000
Tue Sep 01 09:11:22 2020,01-Sep-2020,111122,47 12.475000 N,060 21.888500 W,2.3,151.8,A,DoorSpread,DoorMaster,0.000000,E,P,10999.000000
Tue Sep 01 09:11:22 2020,01-Sep-2020,111123,47 12.474300 N,060 21.888200 W,2.4,152.6,A,DoorSpread,DoorMaster,0.000000,E,P,10999.000000
Tue Sep 01 09:11:24 2020,01-Sep-2020,111124,47 12.473700 N,060 21.887700 W,2.3,152.6,A,Primary,Headline,1.204082,D,P,122348.000000
Tue Sep 01 09:11:24 2020,01-Sep-2020,111125,47 12.473300 N,060 21.887200 W,2.3,152.6,A,Primary,Headline,1.204082,D,P,122348.000000
Tue Sep 01 09:11:24 2020,01-Sep-2020,111126,47 12.472700 N,060 21.886700 W,2.4,152.9,A,Primary,Headline,1.204082,D,P,122348.000000
Tue Sep 01 09:11:27 2020,01-Sep-2020,111127,47 12.472200 N,060 21.886400 W,2.3,153.0,A,DoorSpread,DoorMaster,0.000000,E,P,29609.000000
Tue Sep 01 09:11:27 2020,01-Sep-2020,111128,47 12.471800 N,060 21.886000 W,2.2,153.1,A,DoorSpread,DoorMaster,0.000000,E,P,29609.000000
Tue Sep 01 09:11:29 2020,01-Sep-2020,111129,47 12.471300 N,060 21.885400 W,2.1,152.9,A,Primary,Headline,1.163265,D,S,109081.000000
Tue Sep 01 09:11:29 2020,01-Sep-2020,111130,47 12.470700 N,060 21.884900 W,2.2,152.7,A,Primary,Headline,1.163265,D,S,109081.000000
Tue Sep 01 09:11:29 2020,01-Sep-2020,111131,47 12.469900 N,060 21.884400 W,2.2,152.4,A,Primary,Headline,1.163265,D,S,109081.000000
Tue Sep 01 09:11:32 2020,01-Sep-2020,111132,47 12.469100 N,060 21.883900 W,2.2,152.3,A,DoorSpread,DoorMaster,0.000000,E,S,84614.000000
Tue Sep 01 09:11:32 2020,01-Sep-2020,111133,47 12.468300 N,060 21.883400 W,2.3,152.6,A,DoorSpread,DoorMaster,0.000000,E,S,84614.000000
Tue Sep 01 09:11:34 2020,01-Sep-2020,111134,47 12.467500 N,060 21.883000 W,2.3,153.3,A,Primary,Headline,1.469388,D,P,39514.000000
Tue Sep 01 09:11:34 2020,01-Sep-2020,111135,47 12.466800 N,060 21.882500 W,2.3,153.2,A,Primary,Headline,1.285714,D,S,26633.000000
Tue Sep 01 09:11:34 2020,01-Sep-2020,111136,47 12.466200 N,060 21.881900 W,2.2,152.6,A,Primary,Headline,1.285714,D,S,26633.000000
Tue Sep 01 09:11:37 2020,01-Sep-2020,111137,47 12.465700 N,060 21.881400 W,2.2,152.1,A,DoorSpread,DoorMaster,0.000000,E,P,116388.000000
Tue Sep 01 09:11:37 2020,01-Sep-2020,111138,47 12.465300 N,060 21.881000 W,2.2,151.6,A,DoorSpread,DoorMaster,0.000000,E,P,116388.000000
Tue Sep 01 09:11:39 2020,01-Sep-2020,111139,47 12.464800 N,060 21.880600 W,2.2,151.4,A,Primary,Headline,0.428571,D,P,100371.000000
Tue Sep 01 09:11:39 2020,01-Sep-2020,111140,47 12.464300 N,060 21.880100 W,2.2,151.4,A,Primary,Headline,0.428571,D,P,100371.000000
Tue Sep 01 09:11:39 2020,01-Sep-2020,111141,47 12.463800 N,060 21.879700 W,2.2,151.0,A,Primary,Headline,0.428571,D,P,100371.000000
Tue Sep 01 09:11:42 2020,01-Sep-2020,111142,47 12.463300 N,060 21.879200 W,2.2,150.6,A,DoorSpread,DoorMaster,0.000000,E,S,211122.000000
Tue Sep 01 09:11:42 2020,01-Sep-2020,111143,47 12.462900 N,060 21.878900 W,2.2,150.4,A,DoorSpread,DoorMaster,0.000000,E,S,211122.000000
Tue Sep 01 09:11:42 2020,01-Sep-2020,111144,47 12.462500 N,060 21.878600 W,2.1,150.1,A,DoorSpread,DoorMaster,0.000000,E,S,211122.000000
Tue Sep 01 09:11:44 2020,01-Sep-2020,111145,47 12.462100 N,060 21.878100 W,2.1,149.8,A,Depth,Depth,192.222222,D,P,102892.000000
Tue Sep 01 09:11:44 2020,01-Sep-2020,111146,47 12.461700 N,060 21.877700 W,2.1,149.5,A,Depth,Depth,192.222222,D,P,102892.000000
Tue Sep 01 09:11:47 2020,01-Sep-2020,111147,47 12.461300 N,060 21.877300 W,2.1,149.2,A,DoorSpread,DoorMaster,0.000000,E,S,114566.000000
Tue Sep 01 09:11:47 2020,01-Sep-2020,111148,47 12.460800 N,060 21.876700 W,2.1,149.1,A,DoorSpread,DoorMaster,0.000000,E,S,114566.000000
Tue Sep 01 09:11:47 2020,01-Sep-2020,111149,47 12.460200 N,060 21.876300 W,2.2,149.2,A,DoorSpread,DoorMaster,0.000000,E,S,114566.000000
Tue Sep 01 09:11:49 2020,01-Sep-2020,111150,47 12.459500 N,060 21.875700 W,2.2,149.2,A,Primary,Headline,1.408163,D,P,91929.000000
Tue Sep 01 09:11:49 2020,01-Sep-2020,111151,47 12.458800 N,060 21.875200 W,2.3,149.5,A,Primary,Headline,1.408163,D,P,91929.000000
Tue Sep 01 09:11:52 2020,01-Sep-2020,111152,47 12.458200 N,060 21.874600 W,2.3,149.8,A,DoorSpread,DoorMaster,0.015000,D,S,43390.000000
Tue Sep 01 09:11:52 2020,01-Sep-2020,111153,47 12.457700 N,060 21.874100 W,2.3,149.9,A,DoorSpread,DoorMaster,0.015000,D,S,43390.000000
Tue Sep 01 09:11:54 2020,01-Sep-2020,111154,47 12.457200 N,060 21.873600 W,2.2,149.7,A,Primary,Headline,0.959184,D,P,39738.000000
Tue Sep 01 09:11:54 2020,01-Sep-2020,111155,47 12.456800 N,060 21.873100 W,2.2,149.5,A,Primary,Headline,0.959184,D,P,39738.000000
Tue Sep 01 09:11:54 2020,01-Sep-2020,111156,47 12.456300 N,060 21.872800 W,2.2,149.5,A,Primary,Headline,0.959184,D,P,39738.000000
Tue Sep 01 09:11:57 2020,01-Sep-2020,111157,47 12.455900 N,060 21.872400 W,2.1,149.3,A,DoorSpread,DoorMaster,0.000000,E,S,55125.000000
Tue Sep 01 09:11:57 2020,01-Sep-2020,111158,47 12.455500 N,060 21.871800 W,2.2,148.9,A,DoorSpread,DoorMaster,0.000000,E,S,55125.000000
Tue Sep 01 09:11:57 2020,01-Sep-2020,111159,47 12.455000 N,060 21.871200 W,2.2,148.7,A,DoorSpread,DoorMaster,0.000000,E,S,55125.000000
Tue Sep 01 09:12:00 2020,01-Sep-2020,111200,47 12.454600 N,060 21.870800 W,2.1,148.5,A,Depth,Depth,189.907407,D,P,5400.000000
Tue Sep 01 09:12:00 2020,01-Sep-2020,111201,47 12.454200 N,060 21.870400 W,2.0,148.4,A,Depth,Depth,189.907407,D,P,5400.000000
Tue Sep 01 09:12:00 2020,01-Sep-2020,111202,47 12.453800 N,060 21.870100 W,1.9,148.2,A,Depth,Depth,189.907407,D,P,5400.000000
Tue Sep 01 09:12:03 2020,01-Sep-2020,111203,47 12.453300 N,060 21.869500 W,2.0,147.9,A,DoorSpread,DoorMaster,7.195000,D,S,19577.000000
Tue Sep 01 09:12:03 2020,01-Sep-2020,111204,47 12.452800 N,060 21.868900 W,2.0,147.7,A,DoorSpread,DoorMaster,7.195000,D,S,19577.000000
Tue Sep 01 09:12:04 2020,01-Sep-2020,111205,47 12.452300 N,060 21.868600 W,2.0,148.0,A,Secondary,Headline,0.000000,E,P,15911.000000
Tue Sep 01 09:12:04 2020,01-Sep-2020,111206,47 12.451600 N,060 21.868400 W,2.1,149.2,A,Secondary,Headline,0.000000,E,P,15911.000000
Tue Sep 01 09:12:04 2020,01-Sep-2020,111207,47 12.450900 N,060 21.868300 W,2.1,150.7,A,Secondary,Headline,0.000000,E,P,15911.000000
Tue Sep 01 09:12:07 2020,01-Sep-2020,111208,47 12.450300 N,060 21.868000 W,2.1,151.1,A,Depth,Depth,181.111111,D,P,98520.000000
Tue Sep 01 09:12:08 2020,01-Sep-2020,111209,47 12.449900 N,060 21.867500 W,2.1,150.1,A,DoorSpread,DoorMaster,7.730000,D,P,104309.000000
Tue Sep 01 09:12:09 2020,01-Sep-2020,111210,47 12.449600 N,060 21.866800 W,2.1,148.8,A,Primary,Headline,1.346939,D,P,38069.000000
Tue Sep 01 09:12:09 2020,01-Sep-2020,111211,47 12.449200 N,060 21.866400 W,2.1,148.8,A,Primary,Headline,1.346939,D,P,38069.000000
Tue Sep 01 09:12:09 2020,01-Sep-2020,111212,47 12.448800 N,060 21.866400 W,2.1,149.8,A,Primary,Headline,1.346939,D,P,38069.000000
Tue Sep 01 09:12:09 2020,01-Sep-2020,111213,47 12.448300 N,060 21.866300 W,2.1,151.0,A,Primary,Headline,1.346939,D,P,38069.000000
Tue Sep 01 09:12:14 2020,01-Sep-2020,111214,47 12.447600 N,060 21.865900 W,2.3,151.9,A,DoorSpread,DoorMaster,7.665000,D,P,41145.000000
Tue Sep 01 09:12:15 2020,01-Sep-2020,111215,47 12.446900 N,060 21.865500 W,2.3,152.5,A,Depth,Depth,189.351852,D,S,52829.000000
Tue Sep 01 09:12:15 2020,01-Sep-2020,111216,47 12.446500 N,060 21.865200 W,2.2,152.8,A,Depth,Depth,189.351852,D,S,52829.000000
Tue Sep 01 09:12:15 2020,01-Sep-2020,111217,47 12.446100 N,060 21.864900 W,2.1,152.8,A,Depth,Depth,189.351852,D,S,52829.000000
Tue Sep 01 09:12:15 2020,01-Sep-2020,111218,47 12.445600 N,060 21.864600 W,2.1,152.7,A,Depth,Depth,189.351852,D,S,52829.000000
Tue Sep 01 09:12:15 2020,01-Sep-2020,111219,47 12.445100 N,060 21.864300 W,2.2,152.5,A,Depth,Depth,189.351852,D,S,52829.000000
Tue Sep 01 09:12:20 2020,01-Sep-2020,111220,47 12.444400 N,060 21.863900 W,2.3,152.8,A,DoorSpread,DoorMaster,7.375000,D,S,21533.000000
Tue Sep 01 09:12:20 2020,01-Sep-2020,111221,47 12.443700 N,060 21.863500 W,2.3,153.4,A,DoorSpread,DoorMaster,7.375000,D,S,21533.000000
Tue Sep 01 09:12:20 2020,01-Sep-2020,111222,47 12.443100 N,060 21.863200 W,2.3,153.6,A,DoorSpread,DoorMaster,7.375000,D,S,21533.000000
Tue Sep 01 09:12:23 2020,01-Sep-2020,111223,47 12.442600 N,060 21.862700 W,2.2,153.6,A,Depth,Depth,182.592593,D,S,125690.000000
Tue Sep 01 09:12:23 2020,01-Sep-2020,111224,47 12.442200 N,060 21.862300 W,2.1,153.4,A,Depth,Depth,182.592593,D,S,125690.000000
Tue Sep 01 09:12:24 2020,01-Sep-2020,111225,47 12.441800 N,060 21.861900 W,2.1,152.9,A,Primary,Headline,0.285714,D,S,68244.000000
Tue Sep 01 09:12:25 2020,01-Sep-2020,111226,47 12.441300 N,060 21.861400 W,2.1,152.4,A,DoorSpread,DoorMaster,7.410000,D,P,147543.000000
Tue Sep 01 09:12:25 2020,01-Sep-2020,111227,47 12.440600 N,060 21.860900 W,2.2,152.3,A,DoorSpread,DoorMaster,7.410000,D,P,147543.000000
Tue Sep 01 09:12:25 2020,01-Sep-2020,111228,47 12.439900 N,060 21.860400 W,2.2,152.5,A,DoorSpread,DoorMaster,7.410000,D,P,147543.000000
Tue Sep 01 09:12:25 2020,01-Sep-2020,111229,47 12.439300 N,060 21.860000 W,2.2,152.5,A,DoorSpread,DoorMaster,7.410000,D,P,147543.000000
Tue Sep 01 09:12:29 2020,01-Sep-2020,111230,47 12.438800 N,060 21.859500 W,2.1,151.8,A,Primary,Headline,1.571429,D,S,34804.000000
Tue Sep 01 09:12:31 2020,01-Sep-2020,111231,47 12.438500 N,060 21.858900 W,2.1,150.6,A,DoorSpread,DoorMaster,7.500000,D,S,42133.000000
Tue Sep 01 09:12:31 2020,01-Sep-2020,111232,47 12.438200 N,060 21.858300 W,2.1,149.4,A,DoorSpread,DoorMaster,7.500000,D,S,42133.000000
Tue Sep 01 09:12:31 2020,01-Sep-2020,111233,47 12.437800 N,060 21.857900 W,2.1,148.9,A,DoorSpread,DoorMaster,7.500000,D,S,42133.000000
Tue Sep 01 09:12:31 2020,01-Sep-2020,111234,47 12.437200 N,060 21.857600 W,2.1,149.1,A,DoorSpread,DoorMaster,7.500000,D,S,42133.000000
Tue Sep 01 09:12:34 2020,01-Sep-2020,111235,47 12.436700 N,060 21.857300 W,2.1,149.5,A,Primary,Headline,1.326531,D,S,43770.000000
Tue Sep 01 09:12:34 2020,01-Sep-2020,111236,47 12.436300 N,060 21.856900 W,2.1,149.8,A,Primary,Headline,1.326531,D,S,43770.000000
Tue Sep 01 09:12:37 2020,01-Sep-2020,111237,47 12.435800 N,060 21.856500 W,2.1,149.4,A,DoorSpread,DoorMaster,8.315000,D,S,53666.000000
Tue Sep 01 09:12:38 2020,01-Sep-2020,111238,47 12.435400 N,060 21.856000 W,2.1,148.8,A,Depth,Depth,186.666667,D,S,19484.000000
Tue Sep 01 09:12:38 2020,01-Sep-2020,111239,47 12.435000 N,060 21.855600 W,2.1,148.4,A,Depth,Depth,186.666667,D,S,19484.000000
Tue Sep 01 09:12:39 2020,01-Sep-2020,111240,47 12.434400 N,060 21.855300 W,2.1,148.4,A,Primary,Headline,0.836735,D,P,48785.000000
Tue Sep 01 09:12:39 2020,01-Sep-2020,111241,47 12.434000 N,060 21.854900 W,2.0,148.4,A,Primary,Headline,0.836735,D,P,48785.000000
Tue Sep 01 09:12:39 2020,01-Sep-2020,111242,47 12.433600 N,060 21.854400 W,2.0,148.3,A,Primary,Headline,0.836735,D,P,48785.000000
Tue Sep 01 09:12:42 2020,01-Sep-2020,111243,47 12.433200 N,060 21.854000 W,2.0,148.1,A,DoorSpread,DoorMaster,7.735000,D,P,22588.000000
Tue Sep 01 09:12:42 2020,01-Sep-2020,111244,47 12.432800 N,060 21.853500 W,2.0,147.5,A,DoorSpread,DoorMaster,7.735000,D,P,22588.000000
Tue Sep 01 09:12:45 2020,01-Sep-2020,111245,47 12.432300 N,060 21.852900 W,2.0,147.1,A,Primary,Headline,1.306122,D,P,100255.000000
Tue Sep 01 09:12:46 2020,01-Sep-2020,111246,47 12.431800 N,060 21.852500 W,2.0,146.8,A,Depth,Depth,184.722222,D,P,53252.000000
Tue Sep 01 09:12:46 2020,01-Sep-2020,111247,47 12.431400 N,060 21.852000 W,2.0,146.5,A,Depth,Depth,184.722222,D,P,53252.000000
Tue Sep 01 09:12:48 2020,01-Sep-2020,111248,47 12.430900 N,060 21.851500 W,2.0,145.9,A,DoorSpread,DoorMaster,7.740000,D,S,73578.000000
Tue Sep 01 09:12:48 2020,01-Sep-2020,111249,47 12.430500 N,060 21.850900 W,2.0,145.5,A,DoorSpread,DoorMaster,7.740000,D,S,73578.000000
Tue Sep 01 09:12:50 2020,01-Sep-2020,111250,47 12.430000 N,060 21.850400 W,2.0,145.7,A,Primary,Headline,1.489796,D,P,90298.000000
Tue Sep 01 09:12:50 2020,01-Sep-2020,111251,47 12.429400 N,060 21.849900 W,2.1,146.3,A,Primary,Headline,1.489796,D,P,90298.000000
Tue Sep 01 09:12:50 2020,01-Sep-2020,111252,47 12.428800 N,060 21.849500 W,2.2,146.8,A,Primary,Headline,1.489796,D,P,90298.000000
Tue Sep 01 09:12:50 2020,01-Sep-2020,111253,47 12.428400 N,060 21.848900 W,2.2,147.0,A,Primary,Headline,1.489796,D,P,90298.000000
Tue Sep 01 09:12:54 2020,01-Sep-2020,111254,47 12.428000 N,060 21.848300 W,2.1,147.0,A,DoorSpread,DoorMaster,7.595000,D,S,95533.000000
Tue Sep 01 09:12:55 2020,01-Sep-2020,111255,47 12.427600 N,060 21.847600 W,2.1,146.7,A,Primary,Headline,2.693878,D,P,52085.000000
Tue Sep 01 09:12:55 2020,01-Sep-2020,111256,47 12.427100 N,060 21.846800 W,2.2,146.1,A,Primary,Headline,2.693878,D,P,52085.000000
Tue Sep 01 09:12:55 2020,01-Sep-2020,111257,47 12.426500 N,060 21.846100 W,2.2,146.2,A,Primary,Headline,2.693878,D,P,52085.000000
Tue Sep 01 09:12:55 2020,01-Sep-2020,111258,47 12.425800 N,060 21.845600 W,2.3,147.2,A,Primary,Headline,2.693878,D,P,52085.000000
Tue Sep 01 09:12:55 2020,01-Sep-2020,111259,47 12.425100 N,060 21.845200 W,2.3,148.2,A,Primary,Headline,2.693878,D,P,52085.000000
Tue Sep 01 09:13:00 2020,01-Sep-2020,111300,47 12.424600 N,060 21.844700 W,2.3,148.6,A,Primary,Headline,0.122449,D,P,151218.000000
Tue Sep 01 09:13:01 2020,01-Sep-2020,111301,47 12.424100 N,060 21.844200 W,2.3,148.6,A,Depth,Depth,185.740741,D,S,22780.000000
Tue Sep 01 09:13:01 2020,01-Sep-2020,111302,47 12.423800 N,060 21.843700 W,2.2,148.4,A,Depth,Depth,185.740741,D,S,22780.000000
Tue Sep 01 09:13:01 2020,01-Sep-2020,111303,47 12.423400 N,060 21.843200 W,2.1,148.1,A,Depth,Depth,185.740741,D,S,22780.000000
Tue Sep 01 09:13:01 2020,01-Sep-2020,111304,47 12.423000 N,060 21.842600 W,2.1,147.6,A,Depth,Depth,185.740741,D,S,22780.000000
Tue Sep 01 09:13:05 2020,01-Sep-2020,111305,47 12.422400 N,060 21.842000 W,2.1,147.6,A,DoorSpread,DoorMaster,6.585000,D,P,141289.000000
Tue Sep 01 09:13:05 2020,01-Sep-2020,111306,47 12.421900 N,060 21.841600 W,2.1,148.1,A,DoorSpread,DoorMaster,6.585000,D,P,141289.000000
Tue Sep 01 09:13:05 2020,01-Sep-2020,111307,47 12.421400 N,060 21.841200 W,2.1,149.1,A,DoorSpread,DoorMaster,6.585000,D,P,141289.000000
Tue Sep 01 09:13:05 2020,01-Sep-2020,111308,47 12.420900 N,060 21.840900 W,2.1,149.8,A,DoorSpread,DoorMaster,6.585000,D,P,141289.000000
Tue Sep 01 09:13:09 2020,01-Sep-2020,111309,47 12.420600 N,060 21.840300 W,2.1,149.4,A,Depth,Depth,188.055556,D,S,34075.000000
Tue Sep 01 09:13:10 2020,01-Sep-2020,111310,47 12.420300 N,060 21.839600 W,2.1,148.0,A,Primary,Headline,1.122449,D,S,71031.000000
Tue Sep 01 09:13:11 2020,01-Sep-2020,111311,47 12.420000 N,060 21.839200 W,2.1,147.4,A,DoorSpread,DoorMaster,6.165000,D,P,72733.000000
Tue Sep 01 09:13:11 2020,01-Sep-2020,111312,47 12.419400 N,060 21.839000 W,2.1,148.2,A,DoorSpread,DoorMaster,6.165000,D,P,72733.000000
Tue Sep 01 09:13:11 2020,01-Sep-2020,111313,47 12.418800 N,060 21.838700 W,2.2,149.6,A,DoorSpread,DoorMaster,6.165000,D,P,72733.000000
Tue Sep 01 09:13:11 2020,01-Sep-2020,111314,47 12.418100 N,060 21.838300 W,2.4,150.9,A,DoorSpread,DoorMaster,6.165000,D,P,72733.000000
Tue Sep 01 09:13:15 2020,01-Sep-2020,111315,47 12.417500 N,060 21.837900 W,2.4,151.3,A,Primary,Headline,2.244898,D,P,21466.000000
Tue Sep 01 09:13:15 2020,01-Sep-2020,111316,47 12.417000 N,060 21.837200 W,2.4,151.0,A,Primary,Headline,2.244898,D,P,21466.000000
Tue Sep 01 09:13:16 2020,01-Sep-2020,111317,47 12.416600 N,060 21.836700 W,2.3,150.4,A,Depth,Depth,180.833333,D,P,104225.000000
Tue Sep 01 09:13:16 2020,01-Sep-2020,111318,47 12.416200 N,060 21.836300 W,2.3,150.3,A,Depth,Depth,180.833333,D,P,104225.000000
Tue Sep 01 09:13:16 2020,01-Sep-2020,111319,47 12.415700 N,060 21.835900 W,2.3,150.4,A,Depth,Depth,180.833333,D,P,104225.000000
Tue Sep 01 09:13:20 2020,01-Sep-2020,111320,47 12.415200 N,060 21.835500 W,2.3,150.1,A,Primary,Headline,0.857143,D,P,7000.000000
Tue Sep 01 09:13:20 2020,01-Sep-2020,111321,47 12.414700 N,060 21.834800 W,2.3,149.7,A,Primary,Headline,0.857143,D,P,7000.000000
Tue Sep 01 09:13:22 2020,01-Sep-2020,111322,47 12.414200 N,060 21.834300 W,2.3,149.5,A,DoorSpread,DoorMaster,6.315000,D,P,230591.000000
Tue Sep 01 09:13:22 2020,01-Sep-2020,111323,47 12.413700 N,060 21.833800 W,2.2,149.2,A,DoorSpread,DoorMaster,6.315000,D,P,230591.000000
Tue Sep 01 09:13:24 2020,01-Sep-2020,111324,47 12.413400 N,060 21.833200 W,2.1,148.7,A,Depth,Depth,186.111111,D,P,106868.000000
Tue Sep 01 09:13:25 2020,01-Sep-2020,111325,47 12.413000 N,060 21.832700 W,2.1,148.2,A,Primary,Headline,1.612245,D,S,74810.000000
Tue Sep 01 09:13:25 2020,01-Sep-2020,111326,47 12.412500 N,060 21.832400 W,2.0,147.8,A,Primary,Headline,1.612245,D,S,74810.000000
Tue Sep 01 09:13:25 2020,01-Sep-2020,111327,47 12.411900 N,060 21.831900 W,2.1,147.4,A,Primary,Headline,1.612245,D,S,74810.000000
Tue Sep 01 09:13:27 2020,01-Sep-2020,111328,47 12.411400 N,060 21.831400 W,2.1,147.2,A,DoorSpread,DoorMaster,6.060000,D,P,117546.000000
Tue Sep 01 09:13:27 2020,01-Sep-2020,111329,47 12.410800 N,060 21.830800 W,2.1,147.3,A,DoorSpread,DoorMaster,6.060000,D,P,117546.000000
Tue Sep 01 09:13:30 2020,01-Sep-2020,111330,47 12.410300 N,060 21.830300 W,2.1,147.3,A,Primary,Headline,1.387755,D,P,85909.000000
Tue Sep 01 09:13:30 2020,01-Sep-2020,111331,47 12.409800 N,060 21.829700 W,2.1,146.7,A,Primary,Headline,1.387755,D,P,85909.000000
Tue Sep 01 09:13:32 2020,01-Sep-2020,111332,47 12.409400 N,060 21.829000 W,2.2,145.9,A,Depth,Depth,185.740741,D,P,58123.000000
Tue Sep 01 09:13:33 2020,01-Sep-2020,111333,47 12.408900 N,060 21.828500 W,2.2,145.5,A,DoorSpread,DoorMaster,6.145000,D,P,28770.000000
Tue Sep 01 09:13:33 2020,01-Sep-2020,111334,47 12.408400 N,060 21.827900 W,2.2,145.4,A,DoorSpread,DoorMaster,6.145000,D,P,28770.000000
Tue Sep 01 09:13:35 2020,01-Sep-2020,111335,47 12.407900 N,060 21.827500 W,2.2,145.6,A,Primary,Headline,1.632653,D,S,77822.000000
Tue Sep 01 09:13:35 2020,01-Sep-2020,111336,47 12.407200 N,060 21.827000 W,2.2,146.1,A,Primary,Headline,1.632653,D,S,77822.000000
Tue Sep 01 09:13:35 2020,01-Sep-2020,111337,47 12.406700 N,060 21.826500 W,2.1,146.3,A,Primary,Headline,1.632653,D,S,77822.000000
Tue Sep 01 09:13:35 2020,01-Sep-2020,111338,47 12.406400 N,060 21.825900 W,2.1,146.2,A,Primary,Headline,1.632653,D,S,77822.000000
Tue Sep 01 09:13:39 2020,01-Sep-2020,111339,47 12.406100 N,060 21.825200 W,2.1,144.9,A,DoorSpread,DoorMaster,6.060000,D,S,85849.000000
Tue Sep 01 09:13:40 2020,01-Sep-2020,111340,47 12.405900 N,060 21.824400 W,2.1,144.1,A,Primary,Headline,1.204082,D,S,77722.000000
Tue Sep 01 09:13:40 2020,01-Sep-2020,111341,47 12.405600 N,060 21.823900 W,2.0,143.7,A,Primary,Headline,1.204082,D,S,77722.000000
Tue Sep 01 09:13:40 2020,01-Sep-2020,111342,47 12.405300 N,060 21.823500 W,1.9,143.4,A,Primary,Headline,1.204082,D,S,77722.000000
Tue Sep 01 09:13:40 2020,01-Sep-2020,111343,47 12.405000 N,060 21.823100 W,1.9,143.2,A,Primary,Headline,1.204082,D,S,77722.000000
Tue Sep 01 09:13:44 2020,01-Sep-2020,111344,47 12.404700 N,060 21.822600 W,1.9,142.4,A,DoorSpread,DoorMaster,6.760000,D,S,157957.000000
Tue Sep 01 09:13:45 2020,01-Sep-2020,111345,47 12.404300 N,060 21.821900 W,2.1,141.8,A,Primary,Headline,1.938776,D,S,28521.000000
Tue Sep 01 09:13:45 2020,01-Sep-2020,111346,47 12.403900 N,060 21.821400 W,2.1,141.4,A,Primary,Headline,1.938776,D,S,28521.000000
Tue Sep 01 09:13:47 2020,01-Sep-2020,111347,47 12.403600 N,060 21.820900 W,2.1,141.1,A,Depth,Depth,186.111111,D,P,117859.000000
Tue Sep 01 09:13:47 2020,01-Sep-2020,111348,47 12.403200 N,060 21.820400 W,2.2,141.2,A,Depth,Depth,186.111111,D,P,117859.000000
Tue Sep 01 09:13:47 2020,01-Sep-2020,111349,47 12.402800 N,060 21.820000 W,2.1,141.6,A,Depth,Depth,186.111111,D,P,117859.000000
Tue Sep 01 09:13:50 2020,01-Sep-2020,111350,47 12.402500 N,060 21.819700 W,2.1,142.0,A,Primary,Headline,3.061224,D,S,90093.000000
Tue Sep 01 09:13:50 2020,01-Sep-2020,111351,47 12.402100 N,060 21.819300 W,2.2,142.4,A,Primary,Headline,3.061224,D,S,90093.000000
Tue Sep 01 09:13:50 2020,01-Sep-2020,111352,47 12.401700 N,060 21.818800 W,2.2,142.3,A,Primary,Headline,3.061224,D,S,90093.000000
Tue Sep 01 09:13:50 2020,01-Sep-2020,111353,47 12.401200 N,060 21.818100 W,2.2,142.3,A,Primary,Headline,3.061224,D,S,90093.000000
Tue Sep 01 09:13:50 2020,01-Sep-2020,111354,47 12.400800 N,060 21.817600 W,2.2,142.7,A,Primary,Headline,3.061224,D,S,90093.000000
Tue Sep 01 09:13:55 2020,01-Sep-2020,111355,47 12.400400 N,060 21.817100 W,2.2,142.8,A,Primary,Headline,0.204082,D,P,51358.000000
Tue Sep 01 09:13:56 2020,01-Sep-2020,111356,47 12.400000 N,060 21.816700 W,2.2,142.7,A,DoorSpread,DoorMaster,7.720000,D,P,164045.000000
Tue Sep 01 09:13:56 2020,01-Sep-2020,111357,47 12.399800 N,060 21.816200 W,2.1,142.6,A,DoorSpread,DoorMaster,7.720000,D,P,164045.000000
Tue Sep 01 09:13:56 2020,01-Sep-2020,111358,47 12.399500 N,060 21.815700 W,2.0,142.3,A,DoorSpread,DoorMaster,7.720000,D,P,164045.000000
Tue Sep 01 09:13:56 2020,01-Sep-2020,111359,47 12.399200 N,060 21.815100 W,2.0,141.7,A,DoorSpread,DoorMaster,7.720000,D,P,164045.000000
Tue Sep 01 09:14:00 2020,01-Sep-2020,111400,47 12.398800 N,060 21.814500 W,2.1,141.8,A,Primary,Headline,1.653061,D,P,44575.000000
Tue Sep 01 09:14:01 2020,01-Sep-2020,111401,47 12.398300 N,060 21.814100 W,2.0,141.8,A,DoorSpread,DoorMaster,6.965000,D,S,91701.000000
Tue Sep 01 09:14:01 2020,01-Sep-2020,111402,47 12.398100 N,060 21.813600 W,2.0,141.7,A,DoorSpread,DoorMaster,6.965000,D,S,91701.000000
Tue Sep 01 09:14:02 2020,01-Sep-2020,111403,47 12.397800 N,060 21.813100 W,1.9,141.4,A,Depth,Depth,187.037037,D,S,57550.000000
Tue Sep 01 09:14:02 2020,01-Sep-2020,111404,47 12.397500 N,060 21.812600 W,1.9,141.0,A,Depth,Depth,187.037037,D,S,57550.000000
Tue Sep 01 09:14:02 2020,01-Sep-2020,111405,47 12.397200 N,060 21.812000 W,1.9,140.5,A,Depth,Depth,187.037037,D,S,57550.000000
Tue Sep 01 09:14:02 2020,01-Sep-2020,111406,47 12.396700 N,060 21.811400 W,1.9,140.6,A,Depth,Depth,187.037037,D,S,57550.000000
Tue Sep 01 09:14:07 2020,01-Sep-2020,111407,47 12.396300 N,060 21.810900 W,1.9,140.9,A,DoorSpread,DoorMaster,6.190000,D,P,140784.000000
Tue Sep 01 09:14:07 2020,01-Sep-2020,111408,47 12.395900 N,060 21.810500 W,2.0,141.4,A,DoorSpread,DoorMaster,6.190000,D,P,140784.000000
Tue Sep 01 09:14:07 2020,01-Sep-2020,111409,47 12.395400 N,060 21.809900 W,2.0,141.7,A,DoorSpread,DoorMaster,6.190000,D,P,140784.000000
Tue Sep 01 09:14:10 2020,01-Sep-2020,111410,47 12.394800 N,060 21.809300 W,2.2,142.5,A,Depth,Depth,184.351852,D,P,62500.000000
Tue Sep 01 09:14:10 2020,01-Sep-2020,111411,47 12.394000 N,060 21.808700 W,2.4,143.7,A,Depth,Depth,184.351852,D,P,62500.000000
Tue Sep 01 09:14:12 2020,01-Sep-2020,111412,47 12.393200 N,060 21.808000 W,2.5,144.9,A,DoorSpread,DoorMaster,0.000000,E,S,91358.000000
Tue Sep 01 09:14:12 2020,01-Sep-2020,111413,47 12.392400 N,060 21.807400 W,2.6,145.7,A,DoorSpread,DoorMaster,0.000000,E,S,91358.000000
Tue Sep 01 09:14:12 2020,01-Sep-2020,111414,47 12.391900 N,060 21.806700 W,2.6,145.9,A,DoorSpread,DoorMaster,0.000000,E,S,91358.000000
Tue Sep 01 09:14:15 2020,01-Sep-2020,111415,47 12.391500 N,060 21.806100 W,2.4,145.8,A,Primary,Headline,2.551020,D,P,8953.000000
Tue Sep 01 09:14:15 2020,01-Sep-2020,111416,47 12.391100 N,060 21.805600 W,2.3,145.8,A,Primary,Headline,2.551020,D,P,8953.000000
Tue Sep 01 09:14:17 2020,01-Sep-2020,111417,47 12.390600 N,060 21.805200 W,2.3,146.3,A,DoorSpread,DoorMaster,4.920000,D,P,71556.000000
Tue Sep 01 09:14:18 2020,01-Sep-2020,111418,47 12.390000 N,060 21.804700 W,2.4,146.8,A,Depth,Depth,186.018519,D,P,278993.000000
Tue Sep 01 09:14:18 2020,01-Sep-2020,111419,47 12.389400 N,060 21.804100 W,2.4,146.9,A,Depth,Depth,186.018519,D,P,278993.000000
Tue Sep 01 09:14:20 2020,01-Sep-2020,111420,47 12.388900 N,060 21.803600 W,2.3,146.9,A,Primary,Headline,1.428571,D,S,73723.000000
Tue Sep 01 09:14:20 2020,01-Sep-2020,111421,47 12.388500 N,060 21.803100 W,2.3,146.6,A,Primary,Headline,1.428571,D,S,73723.000000
Tue Sep 01 09:14:20 2020,01-Sep-2020,111422,47 12.388100 N,060 21.802500 W,2.2,145.9,A,Primary,Headline,1.428571,D,S,73723.000000
Tue Sep 01 09:14:23 2020,01-Sep-2020,111423,47 12.387800 N,060 21.802000 W,2.2,145.2,A,DoorSpread,DoorMaster,5.005000,D,S,140230.000000
Tue Sep 01 09:14:23 2020,01-Sep-2020,111424,47 12.387300 N,060 21.801500 W,2.2,145.2,A,DoorSpread,DoorMaster,5.005000,D,S,140230.000000
Tue Sep 01 09:14:25 2020,01-Sep-2020,111425,47 12.386800 N,060 21.801300 W,2.3,146.6,A,Primary,Headline,1.163265,D,P,61143.000000
Tue Sep 01 09:14:25 2020,01-Sep-2020,111426,47 12.386100 N,060 21.801000 W,2.3,147.5,A,Depth,Depth,187.037037,D,P,74636.000000
Tue Sep 01 09:14:25 2020,01-Sep-2020,111427,47 12.385700 N,060 21.800500 W,2.4,147.5,A,Depth,Depth,187.037037,D,P,74636.000000
Tue Sep 01 09:14:25 2020,01-Sep-2020,111428,47 12.385200 N,060 21.799800 W,2.4,147.0,A,Depth,Depth,187.037037,D,P,74636.000000
Tue Sep 01 09:14:28 2020,01-Sep-2020,111429,47 12.384900 N,060 21.799300 W,2.2,146.6,A,DoorSpread,DoorMaster,5.545000,D,P,103799.000000
Tue Sep 01 09:14:30 2020,01-Sep-2020,111430,47 12.384600 N,060 21.798900 W,2.1,146.1,A,Secondary,Headline,0.000000,E,S,28366.000000
Tue Sep 01 09:14:30 2020,01-Sep-2020,111431,47 12.384300 N,060 21.798300 W,2.1,145.1,A,Secondary,Headline,0.000000,E,S,28366.000000
Tue Sep 01 09:14:30 2020,01-Sep-2020,111432,47 12.383900 N,060 21.797700 W,2.1,144.5,A,Secondary,Headline,0.000000,E,S,28366.000000
Tue Sep 01 09:14:33 2020,01-Sep-2020,111433,47 12.383400 N,060 21.797000 W,2.1,143.9,A,Depth,Depth,186.481481,D,S,94024.000000
Tue Sep 01 09:14:34 2020,01-Sep-2020,111434,47 12.383100 N,060 21.796400 W,2.0,143.4,A,DoorSpread,DoorMaster,6.150000,D,S,236695.000000
Tue Sep 01 09:14:35 2020,01-Sep-2020,111435,47 12.382700 N,060 21.795700 W,2.0,142.7,A,Primary,Headline,1.836735,D,P,108388.000000
Tue Sep 01 09:14:35 2020,01-Sep-2020,111436,47 12.382500 N,060 21.795100 W,2.0,141.7,A,Primary,Headline,1.836735,D,P,108388.000000
Tue Sep 01 09:14:35 2020,01-Sep-2020,111437,47 12.382200 N,060 21.794400 W,2.0,140.6,A,Primary,Headline,1.836735,D,P,108388.000000
Tue Sep 01 09:14:35 2020,01-Sep-2020,111438,47 12.381800 N,060 21.793700 W,2.0,140.2,A,Primary,Headline,1.836735,D,P,108388.000000
Tue Sep 01 09:14:35 2020,01-Sep-2020,111439,47 12.381100 N,060 21.793100 W,2.0,140.1,A,Primary,Headline,1.836735,D,P,108388.000000
Tue Sep 01 09:14:40 2020,01-Sep-2020,111440,47 12.380700 N,060 21.792600 W,2.0,139.5,A,Primary,Headline,1.897959,D,S,69487.000000
Tue Sep 01 09:14:41 2020,01-Sep-2020,111441,47 12.380200 N,060 21.792200 W,2.0,139.4,A,Depth,Depth,187.685185,D,S,61601.000000
Tue Sep 01 09:14:41 2020,01-Sep-2020,111442,47 12.379700 N,060 21.791600 W,2.0,139.7,A,Depth,Depth,187.685185,D,S,61601.000000
Tue Sep 01 09:14:41 2020,01-Sep-2020,111443,47 12.379000 N,060 21.791100 W,2.2,140.6,A,Depth,Depth,187.685185,D,S,61601.000000
Tue Sep 01 09:14:41 2020,01-Sep-2020,111444,47 12.378400 N,060 21.790600 W,2.2,141.0,A,Depth,Depth,187.685185,D,S,61601.000000
Tue Sep 01 09:14:45 2020,01-Sep-2020,111445,47 12.378000 N,060 21.789900 W,2.1,141.1,A,Primary,Headline,10.285714,D,S,33984.000000
Tue Sep 01 09:14:45 2020,01-Sep-2020,111446,47 12.377600 N,060 21.789400 W,2.1,141.1,A,Primary,Headline,10.285714,D,S,33984.000000
Tue Sep 01 09:14:45 2020,01-Sep-2020,111447,47 12.377200 N,060 21.788900 W,2.1,141.2,A,Primary,Headline,10.285714,D,S,33984.000000
Tue Sep 01 09:14:45 2020,01-Sep-2020,111448,47 12.376800 N,060 21.788400 W,2.0,141.0,A,Primary,Headline,10.285714,D,S,33984.000000
Tue Sep 01 09:14:49 2020,01-Sep-2020,111449,47 12.376500 N,060 21.787700 W,2.0,140.6,A,Depth,Depth,222.500000,D,P,14866.000000
Tue Sep 01 09:14:50 2020,01-Sep-2020,111450,47 12.376000 N,060 21.787100 W,2.1,140.9,A,Secondary,Headline,0.000000,E,S,36353.000000
Tue Sep 01 09:14:51 2020,01-Sep-2020,111451,47 12.375400 N,060 21.786500 W,2.1,141.3,A,DoorSpread,DoorMaster,6.060000,D,S,88507.000000
Tue Sep 01 09:14:51 2020,01-Sep-2020,111452,47 12.374900 N,060 21.786000 W,2.1,141.5,A,DoorSpread,DoorMaster,6.060000,D,S,88507.000000
Tue Sep 01 09:14:51 2020,01-Sep-2020,111453,47 12.374500 N,060 21.785400 W,2.1,141.0,A,DoorSpread,DoorMaster,6.060000,D,S,88507.000000
Tue Sep 01 09:14:51 2020,01-Sep-2020,111454,47 12.374100 N,060 21.784800 W,2.1,140.3,A,DoorSpread,DoorMaster,6.060000,D,S,88507.000000
Tue Sep 01 09:14:55 2020,01-Sep-2020,111455,47 12.373700 N,060 21.784300 W,2.1,140.0,A,Primary,Headline,1.469388,D,S,44608.000000
Tue Sep 01 09:14:56 2020,01-Sep-2020,111456,47 12.373200 N,060 21.784000 W,2.0,139.8,A,DoorSpread,DoorMaster,6.655000,D,P,84804.000000
Tue Sep 01 09:14:56 2020,01-Sep-2020,111457,47 12.372800 N,060 21.783500 W,2.0,139.5,A,DoorSpread,DoorMaster,6.655000,D,P,84804.000000
Tue Sep 01 09:14:56 2020,01-Sep-2020,111458,47 12.372400 N,060 21.783100 W,2.0,139.5,A,DoorSpread,DoorMaster,6.655000,D,P,84804.000000
Tue Sep 01 09:14:56 2020,01-Sep-2020,111459,47 12.371900 N,060 21.782700 W,2.1,140.0,A,DoorSpread,DoorMaster,6.655000,D,P,84804.000000
Tue Sep 01 09:15:00 2020,01-Sep-2020,111500,47 12.371300 N,060 21.782200 W,2.1,140.5,A,Primary,Headline,1.489796,D,P,50059.000000
Tue Sep 01 09:15:00 2020,01-Sep-2020,111501,47 12.370800 N,060 21.781600 W,2.1,140.4,A,Primary,Headline,1.489796,D,P,50059.000000
Tue Sep 01 09:15:02 2020,01-Sep-2020,111502,47 12.370400 N,060 21.780800 W,2.1,139.7,A,DoorSpread,DoorMaster,5.335000,D,P,112796.000000
Tue Sep 01 09:15:02 2020,01-Sep-2020,111503,47 12.370000 N,060 21.780100 W,2.1,138.9,A,DoorSpread,DoorMaster,5.335000,D,P,112796.000000
Tue Sep 01 09:15:04 2020,01-Sep-2020,111504,47 12.369700 N,060 21.779600 W,2.0,138.4,A,Depth,Depth,184.259259,D,P,117639.000000
Tue Sep 01 09:15:05 2020,01-Sep-2020,111505,47 12.369300 N,060 21.779100 W,2.0,138.8,A,Primary,Headline,1.653061,D,S,120052.000000
Tue Sep 01 09:15:05 2020,01-Sep-2020,111506,47 12.368700 N,060 21.778500 W,2.1,140.0,A,Primary,Headline,1.653061,D,S,120052.000000
Tue Sep 01 09:15:05 2020,01-Sep-2020,111507,47 12.368100 N,060 21.777900 W,2.2,140.8,A,Primary,Headline,1.653061,D,S,120052.000000
Tue Sep 01 09:15:07 2020,01-Sep-2020,111508,47 12.367500 N,060 21.777100 W,2.2,141.1,A,DoorSpread,DoorMaster,5.240000,D,P,164505.000000
Tue Sep 01 09:15:07 2020,01-Sep-2020,111509,47 12.367100 N,060 21.776300 W,2.3,140.8,A,DoorSpread,DoorMaster,5.240000,D,P,164505.000000
Tue Sep 01 09:15:07 2020,01-Sep-2020,111510,47 12.366800 N,060 21.775600 W,2.2,140.2,A,DoorSpread,DoorMaster,5.240000,D,P,164505.000000
Tue Sep 01 09:15:10 2020,01-Sep-2020,111511,47 12.366600 N,060 21.774900 W,2.1,139.6,A,Primary,Headline,0.959184,D,P,63362.000000
Tue Sep 01 09:15:12 2020,01-Sep-2020,111512,47 12.366300 N,060 21.774500 W,1.9,139.3,A,Depth,Depth,220.462963,D,P,19706.000000
Tue Sep 01 09:15:13 2020,01-Sep-2020,111513,47 12.365900 N,060 21.774100 W,2.0,139.4,A,DoorSpread,DoorMaster,5.780000,D,P,91867.000000
Tue Sep 01 09:15:13 2020,01-Sep-2020,111514,47 12.365500 N,060 21.773500 W,2.0,139.2,A,DoorSpread,DoorMaster,5.780000,D,P,91867.000000
Tue Sep 01 09:15:13 2020,01-Sep-2020,111515,47 12.365100 N,060 21.772900 W,2.0,138.9,A,DoorSpread,DoorMaster,5.780000,D,P,91867.000000
Tue Sep 01 09:15:15 2020,01-Sep-2020,111516,47 12.364800 N,060 21.772300 W,2.0,138.7,A,Primary,Headline,0.591837,D,S,74406.000000
Tue Sep 01 09:15:15 2020,01-Sep-2020,111517,47 12.364500 N,060 21.771800 W,1.9,138.3,A,Primary,Headline,0.591837,D,S,74406.000000
Tue Sep 01 09:15:15 2020,01-Sep-2020,111518,47 12.364200 N,060 21.771300 W,1.9,137.9,A,Primary,Headline,0.591837,D,S,74406.000000
Tue Sep 01 09:15:19 2020,01-Sep-2020,111519,47 12.363900 N,060 21.770900 W,1.8,137.5,A,Depth,Depth,179.722222,D,S,84100.000000
Tue Sep 01 09:15:19 2020,01-Sep-2020,111520,47 12.363600 N,060 21.770400 W,1.8,137.1,A,Depth,Depth,179.722222,D,S,84100.000000
Tue Sep 01 09:15:20 2020,01-Sep-2020,111521,47 12.363300 N,060 21.770000 W,1.8,136.7,A,Primary,Headline,1.714286,D,P,47334.000000
Tue Sep 01 09:15:20 2020,01-Sep-2020,111522,47 12.362900 N,060 21.769700 W,1.7,136.7,A,Primary,Headline,1.714286,D,P,47334.000000
Tue Sep 01 09:15:20 2020,01-Sep-2020,111523,47 12.362600 N,060 21.769400 W,1.6,136.8,A,Primary,Headline,1.714286,D,P,47334.000000
Tue Sep 01 09:15:24 2020,01-Sep-2020,111524,47 12.362400 N,060 21.769000 W,1.6,136.5,A,DoorSpread,DoorMaster,5.140000,D,S,59708.000000
Tue Sep 01 09:15:24 2020,01-Sep-2020,111525,47 12.362200 N,060 21.768300 W,1.7,135.5,A,DoorSpread,DoorMaster,5.140000,D,S,59708.000000
Tue Sep 01 09:15:25 2020,01-Sep-2020,111526,47 12.362000 N,060 21.767800 W,1.6,135.0,A,Primary,Headline,1.285714,D,S,53852.000000
Tue Sep 01 09:15:27 2020,01-Sep-2020,111527,47 12.361900 N,060 21.767500 W,1.5,134.6,A,Depth,Depth,183.333333,D,S,102130.000000
Tue Sep 01 09:15:27 2020,01-Sep-2020,111528,47 12.361600 N,060 21.767200 W,1.5,134.6,A,Depth,Depth,183.333333,D,S,102130.000000
Tue Sep 01 09:15:27 2020,01-Sep-2020,111529,47 12.361100 N,060 21.766800 W,1.6,135.7,A,Depth,Depth,183.333333,D,S,102130.000000
Tue Sep 01 09:15:29 2020,01-Sep-2020,111530,47 12.360700 N,060 21.766400 W,1.6,136.2,A,DoorSpread,DoorMaster,4.825000,D,P,28445.000000
Tue Sep 01 09:15:30 2020,01-Sep-2020,111531,47 12.360500 N,060 21.765900 W,1.5,136.2,A,Primary,Headline,0.816327,D,P,126207.000000
Tue Sep 01 09:15:30 2020,01-Sep-2020,111532,47 12.360500 N,060 21.765600 W,1.4,135.9,A,Primary,Headline,0.816327,D,P,126207.000000
Tue Sep 01 09:15:30 2020,01-Sep-2020,111533,47 12.360400 N,060 21.765200 W,1.3,135.3,A,Primary,Headline,0.816327,D,P,126207.000000
Tue Sep 01 09:15:30 2020,01-Sep-2020,111534,47 12.359900 N,060 21.764900 W,1.7,138.7,A,Primary,Headline,0.816327,D,P,126207.000000
Tue Sep 01 09:15:35 2020,01-Sep-2020,111535,47 12.359300 N,060 21.764600 W,1.6,139.7,A,DoorSpread,DoorMaster,4.415000,D,S,36833.000000
Tue Sep 01 09:15:35 2020,01-Sep-2020,111536,47 12.359100 N,060 21.764200 W,1.5,140.1,A,Primary,Headline,1.000000,D,P,19222.000000
Tue Sep 01 09:15:35 2020,01-Sep-2020,111537,47 12.359000 N,060 21.763900 W,1.4,140.1,A,Primary,Headline,1.000000,D,P,19222.000000
Tue Sep 01 09:15:35 2020,01-Sep-2020,111538,47 12.359000 N,060 21.763500 W,1.4,139.7,A,Primary,Headline,1.000000,D,P,19222.000000
Tue Sep 01 09:15:35 2020,01-Sep-2020,111539,47 12.358800 N,060 21.763100 W,1.4,139.0,A,Primary,Headline,1.000000,D,P,19222.000000
Tue Sep 01 09:15:35 2020,01-Sep-2020,111540,47 12.358600 N,060 21.762800 W,1.3,138.5,A,Primary,Headline,1.000000,D,P,19222.000000
Tue Sep 01 09:15:40 2020,01-Sep-2020,111541,47 12.358500 N,060 21.762500 W,1.2,138.2,A,DoorSpread,DoorMaster,7.140000,D,P,24439.000000
Tue Sep 01 09:15:42 2020,01-Sep-2020,111542,47 12.358400 N,060 21.762300 W,1.2,137.4,A,Depth,Depth,184.537037,D,S,32625.000000
Tue Sep 01 09:15:42 2020,01-Sep-2020,111543,47 12.358300 N,060 21.761900 W,1.2,136.3,A,Depth,Depth,184.537037,D,S,32625.000000
Tue Sep 01 09:15:42 2020,01-Sep-2020,111544,47 12.358100 N,060 21.761500 W,1.2,135.5,A,Depth,Depth,184.537037,D,S,32625.000000
Tue Sep 01 09:15:42 2020,01-Sep-2020,111545,47 12.358100 N,060 21.761200 W,1.1,135.0,A,Depth,Depth,184.537037,D,S,32625.000000
Tue Sep 01 09:15:46 2020,01-Sep-2020,111546,47 12.358100 N,060 21.760900 W,1.1,134.4,A,DoorSpread,DoorMaster,5.490000,D,S,46816.000000
Tue Sep 01 09:15:46 2020,01-Sep-2020,111547,47 12.357900 N,060 21.760600 W,1.1,134.0,A,DoorSpread,DoorMaster,5.490000,D,S,46816.000000
Tue Sep 01 09:15:46 2020,01-Sep-2020,111548,47 12.357700 N,060 21.760200 W,1.1,133.4,A,DoorSpread,DoorMaster,5.490000,D,S,46816.000000
Tue Sep 01 09:15:46 2020,01-Sep-2020,111549,47 12.357800 N,060 21.759900 W,1.0,132.8,A,DoorSpread,DoorMaster,5.490000,D,S,46816.000000
Tue Sep 01 09:15:50 2020,01-Sep-2020,111550,47 12.358000 N,060 21.759600 W,1.1,131.3,A,Depth,Depth,183.981481,D,S,41731.000000
Tue Sep 01 09:15:50 2020,01-Sep-2020,111551,47 12.357900 N,060 21.759200 W,1.1,129.5,A,Primary,Headline,1.142857,D,S,37606.000000
Tue Sep 01 09:15:51 2020,01-Sep-2020,111552,47 12.357700 N,060 21.758800 W,1.1,128.4,A,DoorSpread,DoorMaster,6.005000,D,S,28228.000000
Tue Sep 01 09:15:51 2020,01-Sep-2020,111553,47 12.357600 N,060 21.758600 W,1.0,127.7,A,DoorSpread,DoorMaster,6.005000,D,S,28228.000000
Tue Sep 01 09:15:51 2020,01-Sep-2020,111554,47 12.357500 N,060 21.758400 W,1.0,127.2,A,DoorSpread,DoorMaster,6.005000,D,S,28228.000000
Tue Sep 01 09:15:51 2020,01-Sep-2020,111555,47 12.357500 N,060 21.758100 W,1.0,125.9,A,DoorSpread,DoorMaster,6.005000,D,S,28228.000000
Tue Sep 01 09:15:56 2020,01-Sep-2020,111556,47 12.357500 N,060 21.757800 W,0.9,124.4,A,Primary,Headline,1.530612,D,S,17341.000000
Tue Sep 01 09:15:57 2020,01-Sep-2020,111557,47 12.357500 N,060 21.757500 W,0.9,122.7,A,DoorSpread,DoorMaster,5.965000,D,S,163181.000000
Tue Sep 01 09:15:58 2020,01-Sep-2020,111558,47 12.357300 N,060 21.757100 W,1.0,121.4,A,Depth,Depth,185.370370,D,P,47863.000000
Tue Sep 01 09:15:58 2020,01-Sep-2020,111559,47 12.357200 N,060 21.756700 W,1.0,120.8,A,Depth,Depth,185.370370,D,P,47863.000000
Tue Sep 01 09:15:58 2020,01-Sep-2020,111600,47 12.357200 N,060 21.756400 W,1.0,119.1,A,Depth,Depth,185.370370,D,P,47863.000000
Tue Sep 01 09:16:01 2020,01-Sep-2020,111601,47 12.357300 N,060 21.756000 W,1.0,117.1,A,Primary,Headline,2.204082,D,P,89028.000000
Tue Sep 01 09:16:01 2020,01-Sep-2020,111602,47 12.357300 N,060 21.755600 W,1.0,115.6,A,Primary,Headline,2.204082,D,P,89028.000000
Tue Sep 01 09:16:03 2020,01-Sep-2020,111603,47 12.357200 N,060 21.755400 W,0.9,114.7,A,DoorSpread,DoorMaster,6.105000,D,P,56244.000000
Tue Sep 01 09:16:03 2020,01-Sep-2020,111604,47 12.357200 N,060 21.755100 W,0.9,113.4,A,DoorSpread,DoorMaster,6.105000,D,P,56244.000000
Tue Sep 01 09:16:05 2020,01-Sep-2020,111605,47 12.357100 N,060 21.754700 W,0.9,112.4,A,Depth,Depth,184.074074,D,S,43743.000000
Tue Sep 01 09:16:06 2020,01-Sep-2020,111606,47 12.356900 N,060 21.754400 W,0.9,112.0,A,Primary,Headline,0.775510,D,P,10727.000000
Tue Sep 01 09:16:06 2020,01-Sep-2020,111607,47 12.356700 N,060 21.754200 W,0.9,112.2,A,Primary,Headline,0.775510,D,P,10727.000000
Tue Sep 01 09:16:08 2020,01-Sep-2020,111608,47 12.356600 N,060 21.754000 W,0.8,112.3,A,DoorSpread,DoorMaster,6.280000,D,S,34915.000000
Tue Sep 01 09:16:08 2020,01-Sep-2020,111609,47 12.356600 N,060 21.753600 W,0.9,112.3,A,DoorSpread,DoorMaster,6.280000,D,S,34915.000000
Tue Sep 01 09:16:08 2020,01-Sep-2020,111610,47 12.356600 N,060 21.753100 W,1.0,110.0,A,DoorSpread,DoorMaster,6.280000,D,S,34915.000000
Tue Sep 01 09:16:11 2020,01-Sep-2020,111611,47 12.356700 N,060 21.752700 W,1.0,108.4,A,Primary,Headline,1.795918,D,S,24945.000000
Tue Sep 01 09:16:11 2020,01-Sep-2020,111612,47 12.356500 N,060 21.752400 W,1.1,108.9,A,Primary,Headline,1.795918,D,S,24945.000000
Tue Sep 01 09:16:13 2020,01-Sep-2020,111613,47 12.356100 N,060 21.752200 W,1.1,110.6,A,Depth,Depth,184.722222,D,S,16922.000000
Tue Sep 01 09:16:14 2020,01-Sep-2020,111614,47 12.355900 N,060 21.751900 W,1.1,111.0,A,DoorSpread,DoorMaster,5.890000,D,P,72936.000000
Tue Sep 01 09:16:14 2020,01-Sep-2020,111615,47 12.355900 N,060 21.751400 W,1.2,109.6,A,DoorSpread,DoorMaster,5.890000,D,P,72936.000000
Tue Sep 01 09:16:16 2020,01-Sep-2020,111616,47 12.356000 N,060 21.751000 W,1.2,108.4,A,Primary,Headline,1.020408,D,S,92013.000000
Tue Sep 01 09:16:16 2020,01-Sep-2020,111617,47 12.355800 N,060 21.750800 W,1.1,107.7,A,Primary,Headline,1.020408,D,S,92013.000000
Tue Sep 01 09:16:16 2020,01-Sep-2020,111618,47 12.355600 N,060 21.750700 W,1.0,107.2,A,Primary,Headline,1.020408,D,S,92013.000000
Tue Sep 01 09:16:19 2020,01-Sep-2020,111619,47 12.355500 N,060 21.750500 W,1.0,106.5,A,DoorSpread,DoorMaster,5.810000,D,P,44401.000000
Tue Sep 01 09:16:19 2020,01-Sep-2020,111620,47 12.355300 N,060 21.750100 W,1.1,106.2,A,DoorSpread,DoorMaster,5.810000,D,P,44401.000000
Tue Sep 01 09:16:21 2020,01-Sep-2020,111621,47 12.355200 N,060 21.749700 W,1.0,106.3,A,Primary,Headline,2.775510,D,P,46393.000000
Tue Sep 01 09:16:21 2020,01-Sep-2020,111622,47 12.355100 N,060 21.749400 W,1.0,106.4,A,Primary,Headline,2.775510,D,P,46393.000000
Tue Sep 01 09:16:21 2020,01-Sep-2020,111623,47 12.355300 N,060 21.749100 W,1.0,105.9,A,Primary,Headline,2.775510,D,P,46393.000000
Tue Sep 01 09:16:21 2020,01-Sep-2020,111624,47 12.355300 N,060 21.748700 W,1.0,105.1,A,Primary,Headline,2.775510,D,P,46393.000000
Tue Sep 01 09:16:25 2020,01-Sep-2020,111625,47 12.355300 N,060 21.748300 W,1.0,103.9,A,DoorSpread,DoorMaster,6.135000,D,S,35883.000000
Tue Sep 01 09:16:26 2020,01-Sep-2020,111626,47 12.355300 N,060 21.747900 W,1.0,103.3,A,Primary,Headline,0.000000,D,P,55361.000000
Tue Sep 01 09:16:26 2020,01-Sep-2020,111627,47 12.355100 N,060 21.747700 W,1.0,104.2,A,Primary,Headline,0.000000,D,P,55361.000000
Tue Sep 01 09:16:28 2020,01-Sep-2020,111628,47 12.354800 N,060 21.747500 W,1.0,105.6,A,Depth,Depth,185.740741,D,S,63906.000000
Tue Sep 01 09:16:28 2020,01-Sep-2020,111629,47 12.354700 N,060 21.747200 W,1.0,106.1,A,Depth,Depth,185.740741,D,S,63906.000000
Tue Sep 01 09:16:28 2020,01-Sep-2020,111630,47 12.354700 N,060 21.746700 W,1.1,105.5,A,Depth,Depth,185.740741,D,S,63906.000000
Tue Sep 01 09:16:31 2020,01-Sep-2020,111631,47 12.354800 N,060 21.746200 W,1.1,104.7,A,Primary,Headline,1.448980,D,P,83981.000000
Tue Sep 01 09:16:31 2020,01-Sep-2020,111632,47 12.354800 N,060 21.745800 W,1.0,104.4,A,Primary,Headline,1.448980,D,P,83981.000000
Tue Sep 01 09:16:31 2020,01-Sep-2020,111633,47 12.354800 N,060 21.745700 W,0.9,104.2,A,Primary,Headline,1.448980,D,P,83981.000000
Tue Sep 01 09:16:31 2020,01-Sep-2020,111634,47 12.354700 N,060 21.745500 W,0.9,104.4,A,Primary,Headline,1.448980,D,P,83981.000000
Tue Sep 01 09:16:31 2020,01-Sep-2020,111635,47 12.354600 N,060 21.745300 W,0.9,104.8,A,Primary,Headline,1.448980,D,P,83981.000000
Tue Sep 01 09:16:36 2020,01-Sep-2020,111636,47 12.354500 N,060 21.745100 W,0.8,105.0,A,DoorSpread,DoorMaster,7.750000,D,S,59452.000000
Tue Sep 01 09:16:36 2020,01-Sep-2020,111637,47 12.354500 N,060 21.744700 W,0.9,104.0,A,DoorSpread,DoorMaster,7.765000,D,P,40733.000000
Tue Sep 01 09:16:36 2020,01-Sep-2020,111638,47 12.354600 N,060 21.744000 W,1.1,101.9,A,DoorSpread,DoorMaster,7.765000,D,P,40733.000000
Tue Sep 01 09:16:36 2020,01-Sep-2020,111639,47 12.354700 N,060 21.743500 W,1.0,100.9,A,DoorSpread,DoorMaster,7.765000,D,P,40733.000000
Tue Sep 01 09:16:36 2020,01-Sep-2020,111640,47 12.354600 N,060 21.743200 W,1.0,100.4,A,DoorSpread,DoorMaster,7.765000,D,P,40733.000000
Tue Sep 01 09:16:41 2020,01-Sep-2020,111641,47 12.354500 N,060 21.743000 W,0.9,100.5,A,Primary,Headline,1.591837,D,S,56916.000000
Tue Sep 01 09:16:42 2020,01-Sep-2020,111642,47 12.354400 N,060 21.742700 W,0.9,100.6,A,DoorSpread,DoorMaster,8.990000,D,P,182874.000000
Tue Sep 01 09:16:42 2020,01-Sep-2020,111643,47 12.354300 N,060 21.742500 W,0.9,100.4,A,DoorSpread,DoorMaster,8.990000,D,P,182874.000000
Tue Sep 01 09:16:44 2020,01-Sep-2020,111644,47 12.354300 N,060 21.742200 W,0.9,100.4,A,Depth,Depth,181.111111,D,P,130992.000000
Tue Sep 01 09:16:44 2020,01-Sep-2020,111645,47 12.354200 N,060 21.741700 W,0.9,100.3,A,Depth,Depth,181.111111,D,P,130992.000000
Tue Sep 01 09:16:46 2020,01-Sep-2020,111646,47 12.354100 N,060 21.741300 W,1.0,99.7,A,Primary,Headline,0.918367,D,S,42761.000000
Tue Sep 01 09:16:47 2020,01-Sep-2020,111647,47 12.354200 N,060 21.740900 W,1.0,98.8,A,DoorSpread,DoorMaster,0.000000,E,P,66259.000000
Tue Sep 01 09:16:47 2020,01-Sep-2020,111648,47 12.354200 N,060 21.740500 W,1.0,98.1,A,DoorSpread,DoorMaster,0.000000,E,P,66259.000000
Tue Sep 01 09:16:47 2020,01-Sep-2020,111649,47 12.354100 N,060 21.740300 W,0.9,97.8,A,DoorSpread,DoorMaster,0.000000,E,P,66259.000000
Tue Sep 01 09:16:47 2020,01-Sep-2020,111650,47 12.354000 N,060 21.740200 W,0.8,97.7,A,DoorSpread,DoorMaster,0.000000,E,P,66259.000000
Tue Sep 01 09:16:51 2020,01-Sep-2020,111651,47 12.353900 N,060 21.740100 W,0.8,97.5,A,Depth,Depth,185.000000,D,P,98817.000000
Tue Sep 01 09:16:52 2020,01-Sep-2020,111652,47 12.353700 N,060 21.739700 W,0.9,98.4,A,DoorSpread,DoorMaster,0.000000,E,P,120430.000000
Tue Sep 01 09:16:52 2020,01-Sep-2020,111653,47 12.353500 N,060 21.739200 W,0.9,98.6,A,DoorSpread,DoorMaster,0.000000,E,P,120430.000000
Tue Sep 01 09:16:52 2020,01-Sep-2020,111654,47 12.353500 N,060 21.738900 W,0.9,98.4,A,DoorSpread,DoorMaster,0.000000,E,P,120430.000000
Tue Sep 01 09:16:52 2020,01-Sep-2020,111655,47 12.353500 N,060 21.738600 W,0.9,98.2,A,DoorSpread,DoorMaster,0.000000,E,P,120430.000000
Tue Sep 01 09:16:56 2020,01-Sep-2020,111656,47 12.353400 N,060 21.738300 W,0.9,98.6,A,Primary,Headline,0.469388,D,S,32146.000000
Tue Sep 01 09:16:56 2020,01-Sep-2020,111657,47 12.353300 N,060 21.738100 W,0.8,99.2,A,Primary,Headline,0.469388,D,S,32146.000000
Tue Sep 01 09:16:58 2020,01-Sep-2020,111658,47 12.353300 N,060 21.737800 W,0.9,99.8,A,DoorSpread,DoorMaster,8.690000,D,P,93600.000000
Tue Sep 01 09:16:59 2020,01-Sep-2020,111659,47 12.353300 N,060 21.737400 W,0.9,100.0,A,Depth,Depth,183.796296,D,S,108026.000000
Tue Sep 01 09:16:59 2020,01-Sep-2020,111700,47 12.353300 N,060 21.737100 W,0.8,99.7,A,Depth,Depth,183.796296,D,S,108026.000000
Tue Sep 01 09:17:01 2020,01-Sep-2020,111701,47 12.353300 N,060 21.736900 W,0.8,99.6,A,Primary,Headline,0.938776,D,S,64322.000000
Tue Sep 01 09:17:01 2020,01-Sep-2020,111702,47 12.353200 N,060 21.736600 W,0.8,99.7,A,Primary,Headline,0.938776,D,S,64322.000000
Tue Sep 01 09:17:03 2020,01-Sep-2020,111703,47 12.353200 N,060 21.736400 W,0.8,99.6,A,DoorSpread,DoorMaster,0.000000,E,S,133645.000000
Tue Sep 01 09:17:03 2020,01-Sep-2020,111704,47 12.353100 N,060 21.736100 W,0.8,99.6,A,DoorSpread,DoorMaster,0.000000,E,S,133645.000000
Tue Sep 01 09:17:03 2020,01-Sep-2020,111705,47 12.353000 N,060 21.735800 W,0.8,100.3,A,DoorSpread,DoorMaster,0.000000,E,S,133645.000000
Tue Sep 01 09:17:06 2020,01-Sep-2020,111706,47 12.352900 N,060 21.735500 W,0.9,101.4,A,Primary,Headline,10.795918,D,S,8416.000000
Tue Sep 01 09:17:07 2020,01-Sep-2020,111707,47 12.352900 N,060 21.735100 W,0.9,101.6,A,Depth,Depth,185.092593,D,S,10061.000000
Tue Sep 01 09:17:07 2020,01-Sep-2020,111708,47 12.353000 N,060 21.734800 W,0.8,101.3,A,Depth,Depth,185.092593,D,S,10061.000000
Tue Sep 01 09:17:09 2020,01-Sep-2020,111709,47 12.353000 N,060 21.734500 W,0.8,101.4,A,DoorSpread,DoorMaster,8.725000,D,S,226285.000000
Tue Sep 01 09:17:09 2020,01-Sep-2020,111710,47 12.352900 N,060 21.734200 W,0.9,101.8,A,DoorSpread,DoorMaster,8.725000,D,S,226285.000000
Tue Sep 01 09:17:11 2020,01-Sep-2020,111711,47 12.352800 N,060 21.733900 W,0.8,102.1,A,Secondary,Headline,0.000000,E,S,7585.000000
Tue Sep 01 09:17:11 2020,01-Sep-2020,111712,47 12.352800 N,060 21.733600 W,0.8,102.2,A,Secondary,Headline,0.000000,E,S,7585.000000
Tue Sep 01 09:17:11 2020,01-Sep-2020,111713,47 12.352600 N,060 21.733400 W,0.8,103.8,A,Secondary,Headline,0.000000,E,S,7585.000000
Tue Sep 01 09:17:14 2020,01-Sep-2020,111714,47 12.352600 N,060 21.733200 W,0.8,103.9,A,DoorSpread,DoorMaster,8.845000,D,P,8536.000000
Tue Sep 01 09:17:14 2020,01-Sep-2020,111715,47 12.352700 N,060 21.732800 W,0.9,103.0,A,DoorSpread,DoorMaster,8.845000,D,P,8536.000000
Tue Sep 01 09:17:16 2020,01-Sep-2020,111716,47 12.352600 N,060 21.732300 W,0.9,102.7,A,Primary,Headline,0.469388,D,S,61777.000000
Tue Sep 01 09:17:16 2020,01-Sep-2020,111717,47 12.352500 N,060 21.731900 W,0.9,103.0,A,Primary,Headline,0.469388,D,S,61777.000000
Tue Sep 01 09:17:16 2020,01-Sep-2020,111718,47 12.352300 N,060 21.731600 W,0.9,103.8,A,Primary,Headline,0.469388,D,S,61777.000000
Tue Sep 01 09:17:16 2020,01-Sep-2020,111719,47 12.352200 N,060 21.731300 W,0.9,105.1,A,Primary,Headline,0.469388,D,S,61777.000000
Tue Sep 01 09:17:20 2020,01-Sep-2020,111720,47 12.352100 N,060 21.730900 W,1.0,104.8,A,DoorSpread,DoorMaster,8.735000,D,S,35465.000000
Tue Sep 01 09:17:21 2020,01-Sep-2020,111721,47 12.352200 N,060 21.730400 W,1.0,104.1,A,Primary,Headline,1.183673,D,S,13092.000000
Tue Sep 01 09:17:22 2020,01-Sep-2020,111722,47 12.352200 N,060 21.730000 W,1.0,103.3,A,Depth,Depth,184.629630,D,S,40084.000000
Tue Sep 01 09:17:22 2020,01-Sep-2020,111723,47 12.352100 N,060 21.729800 W,0.9,103.6,A,Depth,Depth,184.629630,D,S,40084.000000
Tue Sep 01 09:17:22 2020,01-Sep-2020,111724,47 12.351900 N,060 21.729600 W,0.9,103.8,A,Depth,Depth,184.629630,D,S,40084.000000
Tue Sep 01 09:17:22 2020,01-Sep-2020,111725,47 12.351800 N,060 21.729200 W,1.0,104.1,A,Depth,Depth,184.629630,D,S,40084.000000
Tue Sep 01 09:17:26 2020,01-Sep-2020,111726,47 12.351600 N,060 21.728600 W,1.1,105.2,A,Primary,Headline,1.020408,D,S,2677.000000
Tue Sep 01 09:17:26 2020,01-Sep-2020,111727,47 12.351500 N,060 21.728300 W,1.0,105.6,A,Primary,Headline,1.020408,D,S,2677.000000
Tue Sep 01 09:17:26 2020,01-Sep-2020,111728,47 12.351300 N,060 21.728100 W,0.9,105.9,A,Primary,Headline,1.020408,D,S,2677.000000
Tue Sep 01 09:17:26 2020,01-Sep-2020,111729,47 12.351400 N,060 21.727800 W,0.9,105.7,A,Primary,Headline,1.020408,D,S,2677.000000
Tue Sep 01 09:17:30 2020,01-Sep-2020,111730,47 12.351300 N,060 21.727400 W,0.9,105.5,A,Depth,Depth,185.092593,D,S,6530.000000
Tue Sep 01 09:17:31 2020,01-Sep-2020,111731,47 12.351300 N,060 21.726900 W,1.0,105.3,A,Primary,Headline,0.346939,D,S,8490.000000
Tue Sep 01 09:17:32 2020,01-Sep-2020,111732,47 12.351200 N,060 21.726500 W,1.0,104.5,A,DoorSpread,DoorMaster,9.530000,D,P,22644.000000
Tue Sep 01 09:17:32 2020,01-Sep-2020,111733,47 12.351300 N,060 21.726000 W,1.0,103.4,A,DoorSpread,DoorMaster,9.530000,D,P,22644.000000
Tue Sep 01 09:17:32 2020,01-Sep-2020,111734,47 12.351200 N,060 21.725700 W,1.0,103.4,A,DoorSpread,DoorMaster,9.530000,D,P,22644.000000
Tue Sep 01 09:17:32 2020,01-Sep-2020,111735,47 12.351100 N,060 21.725500 W,1.0,103.6,A,DoorSpread,DoorMaster,9.530000,D,P,22644.000000
Tue Sep 01 09:17:36 2020,01-Sep-2020,111736,47 12.351100 N,060 21.725200 W,0.9,103.4,A,Primary,Headline,11.653061,D,S,939.000000
Tue Sep 01 09:17:37 2020,01-Sep-2020,111737,47 12.351200 N,060 21.724900 W,1.0,102.3,A,Depth,Depth,185.277778,D,S,5839.000000
Tue Sep 01 09:17:38 2020,01-Sep-2020,111738,47 12.351200 N,060 21.724300 W,1.0,101.2,A,DoorSpread,DoorMaster,10.910000,D,S,13479.000000
Tue Sep 01 09:17:38 2020,01-Sep-2020,111739,47 12.351200 N,060 21.723800 W,1.1,100.5,A,DoorSpread,DoorMaster,10.910000,D,S,13479.000000
Tue Sep 01 09:17:38 2020,01-Sep-2020,111740,47 12.351100 N,060 21.723400 W,1.0,100.8,A,DoorSpread,DoorMaster,10.910000,D,S,13479.000000
Tue Sep 01 09:17:41 2020,01-Sep-2020,111741,47 12.350900 N,060 21.723200 W,1.0,101.7,A,Secondary,Headline,0.000000,E,S,3403.000000
Tue Sep 01 09:17:41 2020,01-Sep-2020,111742,47 12.350800 N,060 21.722900 W,1.0,102.6,A,Secondary,Headline,0.000000,E,S,3403.000000
Tue Sep 01 09:17:41 2020,01-Sep-2020,111743,47 12.350800 N,060 21.722500 W,1.1,102.4,A,Secondary,Headline,0.000000,E,S,3403.000000
Tue Sep 01 09:17:43 2020,01-Sep-2020,111744,47 12.350900 N,060 21.722000 W,1.1,101.6,A,DoorSpread,DoorMaster,11.405000,D,S,17449.000000
Tue Sep 01 09:17:45 2020,01-Sep-2020,111745,47 12.350900 N,060 21.721700 W,1.0,101.2,A,Depth,Depth,183.703704,D,S,65310.000000
Tue Sep 01 09:17:46 2020,01-Sep-2020,111746,47 12.351000 N,060 21.721400 W,1.0,99.8,A,Primary,Headline,0.918367,D,S,10897.000000
Tue Sep 01 09:17:46 2020,01-Sep-2020,111747,47 12.351200 N,060 21.721000 W,1.0,98.1,A,Primary,Headline,0.918367,D,S,10897.000000
Tue Sep 01 09:17:46 2020,01-Sep-2020,111748,47 12.351100 N,060 21.720600 W,1.1,97.8,A,Primary,Headline,0.918367,D,S,10897.000000
Tue Sep 01 09:17:46 2020,01-Sep-2020,111749,47 12.350800 N,060 21.720100 W,1.2,100.5,A,Primary,Headline,0.918367,D,S,10897.000000
Tue Sep 01 09:17:49 2020,01-Sep-2020,111750,47 12.350400 N,060 21.719800 W,1.2,102.8,A,DoorSpread,DoorMaster,11.245000,D,S,10504.000000
Tue Sep 01 09:17:51 2020,01-Sep-2020,111751,47 12.350300 N,060 21.719500 W,1.2,103.6,A,Primary,Headline,0.897959,D,P,22867.000000
Tue Sep 01 09:17:51 2020,01-Sep-2020,111752,47 12.350500 N,060 21.718800 W,1.3,97.2,A,Primary,Headline,0.897959,D,P,22867.000000
Tue Sep 01 09:17:53 2020,01-Sep-2020,111753,47 12.350800 N,060 21.718000 W,1.4,93.7,A,Depth,Depth,183.981481,D,S,31771.000000
Tue Sep 01 09:17:53 2020,01-Sep-2020,111754,47 12.350700 N,060 21.717300 W,1.4,92.3,A,Depth,Depth,183.981481,D,S,31771.000000
Tue Sep 01 09:17:55 2020,01-Sep-2020,111755,47 12.350500 N,060 21.716900 W,1.4,92.4,A,DoorSpread,DoorMaster,10.590000,D,P,10788.000000
Tue Sep 01 09:17:56 2020,01-Sep-2020,111756,47 12.350200 N,060 21.716600 W,1.3,93.1,A,Primary,Headline,1.346939,D,S,9456.000000
Tue Sep 01 09:17:56 2020,01-Sep-2020,111757,47 12.350000 N,060 21.716400 W,1.2,93.6,A,Primary,Headline,1.346939,D,S,9456.000000
Tue Sep 01 09:17:56 2020,01-Sep-2020,111758,47 12.350000 N,060 21.716000 W,1.1,94.1,A,Primary,Headline,1.346939,D,S,9456.000000
Tue Sep 01 09:17:56 2020,01-Sep-2020,111759,47 12.350100 N,060 21.715700 W,1.1,94.0,A,Primary,Headline,1.346939,D,S,9456.000000
Tue Sep 01 09:18:00 2020,01-Sep-2020,111800,47 12.350100 N,060 21.715200 W,1.1,93.6,A,DoorSpread,DoorMaster,0.000000,E,P,9044.000000
Tue Sep 01 09:18:01 2020,01-Sep-2020,111801,47 12.350100 N,060 21.714800 W,1.2,93.5,A,Primary,Headline,0.142857,D,S,10984.000000
Tue Sep 01 09:18:01 2020,01-Sep-2020,111802,47 12.350100 N,060 21.714200 W,1.2,93.6,A,Primary,Headline,0.142857,D,S,10984.000000
Tue Sep 01 09:18:01 2020,01-Sep-2020,111803,47 12.350000 N,060 21.713700 W,1.2,93.8,A,Primary,Headline,0.142857,D,S,10984.000000
Tue Sep 01 09:18:01 2020,01-Sep-2020,111804,47 12.349900 N,060 21.713200 W,1.2,94.4,A,Primary,Headline,0.142857,D,S,10984.000000
Tue Sep 01 09:18:01 2020,01-Sep-2020,111805,47 12.349700 N,060 21.712900 W,1.2,95.3,A,Primary,Headline,0.142857,D,S,10984.000000
Tue Sep 01 09:18:06 2020,01-Sep-2020,111806,47 12.349700 N,060 21.712600 W,1.1,96.1,A,DoorSpread,DoorMaster,9.835000,D,P,20225.000000
Tue Sep 01 09:18:06 2020,01-Sep-2020,111807,47 12.349700 N,060 21.712200 W,1.1,96.4,A,DoorSpread,DoorMaster,9.835000,D,P,20225.000000
Tue Sep 01 09:18:08 2020,01-Sep-2020,111808,47 12.349700 N,060 21.711900 W,1.1,96.4,A,Depth,Depth,184.722222,D,P,28812.000000
Tue Sep 01 09:18:08 2020,01-Sep-2020,111809,47 12.349700 N,060 21.711600 W,1.0,97.2,A,Depth,Depth,184.722222,D,P,28812.000000
Tue Sep 01 09:18:08 2020,01-Sep-2020,111810,47 12.349400 N,060 21.711500 W,1.0,99.1,A,Depth,Depth,184.722222,D,P,28812.000000
Tue Sep 01 09:18:11 2020,01-Sep-2020,111811,47 12.349200 N,060 21.711300 W,1.0,100.3,A,Primary,Headline,0.938776,D,S,32658.000000
Tue Sep 01 09:18:12 2020,01-Sep-2020,111812,47 12.349200 N,060 21.711100 W,1.0,101.0,A,DoorSpread,DoorMaster,9.485000,D,P,16354.000000
Tue Sep 01 09:18:12 2020,01-Sep-2020,111813,47 12.349300 N,060 21.710600 W,1.1,100.5,A,DoorSpread,DoorMaster,9.485000,D,P,16354.000000
Tue Sep 01 09:18:12 2020,01-Sep-2020,111814,47 12.349300 N,060 21.710100 W,1.1,99.9,A,DoorSpread,DoorMaster,9.485000,D,P,16354.000000
Tue Sep 01 09:18:12 2020,01-Sep-2020,111815,47 12.349300 N,060 21.709600 W,1.1,99.8,A,DoorSpread,DoorMaster,9.485000,D,P,16354.000000
Tue Sep 01 09:18:16 2020,01-Sep-2020,111816,47 12.349200 N,060 21.709300 W,1.1,100.0,A,Primary,Headline,1.000000,D,P,6861.000000
Tue Sep 01 09:18:16 2020,01-Sep-2020,111817,47 12.349100 N,060 21.708900 W,1.1,100.5,A,Primary,Headline,1.000000,D,P,6861.000000
Tue Sep 01 09:18:18 2020,01-Sep-2020,111818,47 12.349000 N,060 21.708500 W,1.0,100.8,A,DoorSpread,DoorMaster,9.685000,D,S,17746.000000
Tue Sep 01 09:18:18 2020,01-Sep-2020,111819,47 12.348900 N,060 21.708200 W,1.0,101.2,A,DoorSpread,DoorMaster,9.685000,D,S,17746.000000
Tue Sep 01 09:18:18 2020,01-Sep-2020,111820,47 12.348900 N,060 21.708000 W,0.9,101.7,A,DoorSpread,DoorMaster,9.685000,D,S,17746.000000
Tue Sep 01 09:18:21 2020,01-Sep-2020,111821,47 12.348800 N,060 21.707700 W,0.9,102.0,A,Primary,Headline,0.714286,D,P,17345.000000
Tue Sep 01 09:18:21 2020,01-Sep-2020,111822,47 12.348900 N,060 21.707100 W,1.0,101.5,A,Primary,Headline,0.714286,D,P,17345.000000
Tue Sep 01 09:18:23 2020,01-Sep-2020,111823,47 12.348800 N,060 21.706600 W,1.0,101.6,A,Depth,Depth,185.185185,D,P,25704.000000
Tue Sep 01 09:18:23 2020,01-Sep-2020,111824,47 12.348700 N,060 21.706100 W,1.1,102.5,A,DoorSpread,DoorMaster,7.780000,D,S,47215.000000
Tue Sep 01 09:18:23 2020,01-Sep-2020,111825,47 12.348500 N,060 21.705700 W,1.1,103.3,A,DoorSpread,DoorMaster,7.780000,D,S,47215.000000
Tue Sep 01 09:18:26 2020,01-Sep-2020,111826,47 12.348400 N,060 21.705400 W,1.0,103.8,A,Primary,Headline,1.122449,D,S,30255.000000
Tue Sep 01 09:18:26 2020,01-Sep-2020,111827,47 12.348400 N,060 21.705100 W,1.0,104.0,A,Primary,Headline,1.122449,D,S,30255.000000
Tue Sep 01 09:18:26 2020,01-Sep-2020,111828,47 12.348300 N,060 21.704700 W,1.0,104.3,A,Primary,Headline,1.122449,D,S,30255.000000
Tue Sep 01 09:18:29 2020,01-Sep-2020,111829,47 12.348300 N,060 21.704300 W,1.0,104.6,A,DoorSpread,DoorMaster,7.705000,D,P,22773.000000
Tue Sep 01 09:18:29 2020,01-Sep-2020,111830,47 12.348200 N,060 21.703900 W,1.0,104.4,A,DoorSpread,DoorMaster,7.705000,D,P,22773.000000
Tue Sep 01 09:18:31 2020,01-Sep-2020,111831,47 12.348200 N,060 21.703500 W,1.0,104.7,A,Primary,Headline,0.836735,D,S,12582.000000
Tue Sep 01 09:18:31 2020,01-Sep-2020,111832,47 12.348000 N,060 21.703200 W,1.1,105.8,A,Primary,Headline,0.836735,D,S,12582.000000
Tue Sep 01 09:18:31 2020,01-Sep-2020,111833,47 12.347800 N,060 21.702700 W,1.1,106.3,A,Primary,Headline,0.836735,D,S,12582.000000
Tue Sep 01 09:18:31 2020,01-Sep-2020,111834,47 12.347800 N,060 21.702300 W,1.1,106.4,A,Primary,Headline,0.836735,D,S,12582.000000
Tue Sep 01 09:18:35 2020,01-Sep-2020,111835,47 12.347800 N,060 21.701800 W,1.1,106.5,A,DoorSpread,DoorMaster,8.040000,D,P,41446.000000
Tue Sep 01 09:18:36 2020,01-Sep-2020,111836,47 12.347600 N,060 21.701500 W,1.1,106.6,A,Primary,Headline,1.367347,D,S,14620.000000
Tue Sep 01 09:18:36 2020,01-Sep-2020,111837,47 12.347600 N,060 21.701100 W,1.1,106.7,A,Primary,Headline,1.367347,D,S,14620.000000
Tue Sep 01 09:18:36 2020,01-Sep-2020,111838,47 12.347500 N,060 21.700700 W,1.1,106.6,A,Primary,Headline,1.367347,D,S,14620.000000
Tue Sep 01 09:18:39 2020,01-Sep-2020,111839,47 12.347500 N,060 21.700300 W,1.1,106.3,A,Depth,Depth,231.111111,D,S,4133.000000
Tue Sep 01 09:18:39 2020,01-Sep-2020,111840,47 12.347400 N,060 21.699800 W,1.1,106.0,A,Depth,Depth,231.111111,D,S,4133.000000
Tue Sep 01 09:18:41 2020,01-Sep-2020,111841,47 12.347300 N,060 21.699300 W,1.1,106.0,A,Primary,Headline,1.061224,D,P,32392.000000
Tue Sep 01 09:18:41 2020,01-Sep-2020,111842,47 12.347200 N,060 21.699200 W,1.0,106.0,A,Primary,Headline,1.061224,D,P,32392.000000
Tue Sep 01 09:18:41 2020,01-Sep-2020,111843,47 12.347200 N,060 21.699100 W,0.9,105.7,A,Primary,Headline,1.061224,D,P,32392.000000
Tue Sep 01 09:18:41 2020,01-Sep-2020,111844,47 12.347200 N,060 21.698700 W,1.0,105.1,A,Primary,Headline,1.061224,D,P,32392.000000
Tue Sep 01 09:18:41 2020,01-Sep-2020,111845,47 12.347100 N,060 21.698400 W,1.0,104.7,A,Primary,Headline,1.061224,D,P,32392.000000
Tue Sep 01 09:18:46 2020,01-Sep-2020,111846,47 12.347000 N,060 21.698100 W,0.9,104.5,A,Primary,Headline,1.857143,D,S,9519.000000
Tue Sep 01 09:18:46 2020,01-Sep-2020,111847,47 12.346900 N,060 21.697800 W,0.9,104.3,A,DoorSpread,DoorMaster,8.760000,D,P,68534.000000
Tue Sep 01 09:18:46 2020,01-Sep-2020,111848,47 12.346800 N,060 21.697400 W,1.0,103.4,A,DoorSpread,DoorMaster,8.760000,D,P,68534.000000
Tue Sep 01 09:18:46 2020,01-Sep-2020,111849,47 12.346900 N,060 21.696900 W,1.0,102.7,A,DoorSpread,DoorMaster,8.760000,D,P,68534.000000
Tue Sep 01 09:18:46 2020,01-Sep-2020,111850,47 12.346800 N,060 21.696400 W,1.0,102.4,A,DoorSpread,DoorMaster,8.760000,D,P,68534.000000
Tue Sep 01 09:18:51 2020,01-Sep-2020,111851,47 12.346800 N,060 21.696100 W,1.0,102.1,A,Primary,Headline,0.734694,D,P,19087.000000
Tue Sep 01 09:18:52 2020,01-Sep-2020,111852,47 12.346800 N,060 21.695800 W,0.9,102.0,A,DoorSpread,DoorMaster,7.845000,D,P,63893.000000
Tue Sep 01 09:18:52 2020,01-Sep-2020,111853,47 12.346700 N,060 21.695500 W,0.9,101.9,A,DoorSpread,DoorMaster,7.845000,D,P,63893.000000
Tue Sep 01 09:18:54 2020,01-Sep-2020,111854,47 12.346700 N,060 21.695200 W,1.0,101.8,A,Depth,Depth,184.351852,D,S,34818.000000
Tue Sep 01 09:18:54 2020,01-Sep-2020,111855,47 12.346600 N,060 21.694800 W,1.0,101.7,A,Depth,Depth,184.351852,D,S,34818.000000
Tue Sep 01 09:18:56 2020,01-Sep-2020,111856,47 12.346500 N,060 21.694500 W,0.9,102.0,A,Primary,Headline,1.734694,D,P,20241.000000
Tue Sep 01 09:18:56 2020,01-Sep-2020,111857,47 12.346500 N,060 21.694300 W,0.9,102.1,A,Primary,Headline,1.734694,D,P,20241.000000
Tue Sep 01 09:18:58 2020,01-Sep-2020,111858,47 12.346500 N,060 21.694000 W,0.9,102.1,A,DoorSpread,DoorMaster,7.940000,D,S,89663.000000
Tue Sep 01 09:18:58 2020,01-Sep-2020,111859,47 12.346400 N,060 21.693600 W,0.9,102.1,A,DoorSpread,DoorMaster,7.940000,D,S,89663.000000
Tue Sep 01 09:18:58 2020,01-Sep-2020,111900,47 12.346400 N,060 21.693300 W,0.9,102.3,A,DoorSpread,DoorMaster,7.940000,D,S,89663.000000
Tue Sep 01 09:19:01 2020,01-Sep-2020,111901,47 12.346200 N,060 21.692800 W,1.0,103.1,A,Primary,Headline,1.448980,D,P,26644.000000
Tue Sep 01 09:19:02 2020,01-Sep-2020,111902,47 12.346000 N,060 21.692500 W,1.0,104.2,A,Depth,Depth,184.259259,D,P,37389.000000
Tue Sep 01 09:19:02 2020,01-Sep-2020,111903,47 12.345900 N,060 21.692200 W,1.0,104.8,A,Depth,Depth,184.259259,D,P,37389.000000
Tue Sep 01 09:19:03 2020,01-Sep-2020,111904,47 12.345900 N,060 21.691900 W,0.9,104.7,A,DoorSpread,DoorMaster,7.740000,D,S,112183.000000
Tue Sep 01 09:19:03 2020,01-Sep-2020,111905,47 12.346000 N,060 21.691600 W,0.9,104.7,A,DoorSpread,DoorMaster,7.740000,D,S,112183.000000
Tue Sep 01 09:19:06 2020,01-Sep-2020,111906,47 12.345900 N,060 21.691300 W,0.9,104.9,A,Primary,Headline,2.183673,D,S,36783.000000
Tue Sep 01 09:19:06 2020,01-Sep-2020,111907,47 12.345800 N,060 21.691000 W,0.9,104.7,A,Primary,Headline,2.183673,D,S,36783.000000
Tue Sep 01 09:19:06 2020,01-Sep-2020,111908,47 12.345900 N,060 21.690500 W,0.9,104.1,A,Primary,Headline,2.183673,D,S,36783.000000
Tue Sep 01 09:19:09 2020,01-Sep-2020,111909,47 12.345900 N,060 21.690100 W,1.0,103.4,A,Depth,Depth,182.962963,D,P,25313.000000
Tue Sep 01 09:19:09 2020,01-Sep-2020,111910,47 12.346000 N,060 21.689700 W,0.9,101.9,A,Depth,Depth,182.962963,D,P,25313.000000
Tue Sep 01 09:19:11 2020,01-Sep-2020,111911,47 12.346100 N,060 21.689600 W,0.8,101.3,A,Primary,Headline,2.040816,D,S,98961.000000
Tue Sep 01 09:19:11 2020,01-Sep-2020,111912,47 12.345900 N,060 21.689400 W,0.9,100.9,A,Primary,Headline,2.040816,D,S,98961.000000
Tue Sep 01 09:19:11 2020,01-Sep-2020,111913,47 12.345700 N,060 21.689000 W,0.9,100.8,A,Primary,Headline,2.040816,D,S,98961.000000
Tue Sep 01 09:19:11 2020,01-Sep-2020,111914,47 12.345800 N,060 21.688600 W,0.9,100.2,A,Primary,Headline,2.040816,D,S,98961.000000
Tue Sep 01 09:19:15 2020,01-Sep-2020,111915,47 12.345800 N,060 21.688200 W,0.9,99.2,A,DoorSpread,DoorMaster,8.250000,D,S,134043.000000
Tue Sep 01 09:19:15 2020,01-Sep-2020,111916,47 12.345800 N,060 21.687800 W,0.9,98.3,A,DoorSpread,DoorMaster,8.250000,D,S,134043.000000
Tue Sep 01 09:19:17 2020,01-Sep-2020,111917,47 12.345800 N,060 21.687500 W,0.9,97.7,A,Depth,Depth,183.055556,D,S,54820.000000
Tue Sep 01 09:19:17 2020,01-Sep-2020,111918,47 12.345800 N,060 21.687300 W,0.8,97.2,A,Depth,Depth,183.055556,D,S,54820.000000
Tue Sep 01 09:19:17 2020,01-Sep-2020,111919,47 12.345800 N,060 21.687100 W,0.8,96.8,A,Depth,Depth,183.055556,D,S,54820.000000
Tue Sep 01 09:19:17 2020,01-Sep-2020,111920,47 12.345800 N,060 21.686800 W,0.8,95.9,A,Depth,Depth,183.055556,D,S,54820.000000
Tue Sep 01 09:19:20 2020,01-Sep-2020,111921,47 12.345800 N,060 21.686300 W,0.9,94.1,A,DoorSpread,DoorMaster,8.065000,D,S,132512.000000
Tue Sep 01 09:19:21 2020,01-Sep-2020,111922,47 12.346000 N,060 21.685900 W,0.9,92.6,A,Primary,Headline,3.204082,D,S,85866.000000
Tue Sep 01 09:19:21 2020,01-Sep-2020,111923,47 12.346000 N,060 21.685700 W,0.8,92.1,A,Primary,Headline,3.204082,D,S,85866.000000
Tue Sep 01 09:19:21 2020,01-Sep-2020,111924,47 12.345900 N,060 21.685700 W,0.8,91.9,A,Primary,Headline,3.204082,D,S,85866.000000
Tue Sep 01 09:19:25 2020,01-Sep-2020,111925,47 12.345800 N,060 21.685500 W,0.8,91.7,A,Depth,Depth,182.685185,D,S,69625.000000
Tue Sep 01 09:19:26 2020,01-Sep-2020,111926,47 12.345700 N,060 21.685100 W,0.9,91.2,A,DoorSpread,DoorMaster,8.275000,D,P,58009.000000
Tue Sep 01 09:19:26 2020,01-Sep-2020,111927,47 12.345800 N,060 21.684500 W,0.9,90.8,A,Primary,Headline,3.632653,D,S,46940.000000
Tue Sep 01 09:19:26 2020,01-Sep-2020,111928,47 12.345800 N,060 21.684300 W,0.9,90.6,A,Primary,Headline,3.632653,D,S,46940.000000
Tue Sep 01 09:19:26 2020,01-Sep-2020,111929,47 12.345900 N,060 21.684000 W,0.9,90.0,A,Primary,Headline,3.632653,D,S,46940.000000
Tue Sep 01 09:19:26 2020,01-Sep-2020,111930,47 12.346100 N,060 21.683700 W,0.9,88.0,A,Primary,Headline,3.632653,D,S,46940.000000
Tue Sep 01 09:19:26 2020,01-Sep-2020,111931,47 12.346200 N,060 21.683400 W,0.9,87.4,A,Primary,Headline,3.632653,D,S,46940.000000
Tue Sep 01 09:19:32 2020,01-Sep-2020,111932,47 12.346000 N,060 21.683000 W,0.9,87.8,A,Depth,Depth,183.240741,D,P,40977.000000
Tue Sep 01 09:19:32 2020,01-Sep-2020,111933,47 12.345800 N,060 21.682700 W,1.0,89.0,A,Depth,Depth,182.222222,D,S,84889.000000
Tue Sep 01 09:19:32 2020,01-Sep-2020,111934,47 12.345900 N,060 21.682300 W,1.0,88.9,A,Depth,Depth,182.222222,D,S,84889.000000
Tue Sep 01 09:19:32 2020,01-Sep-2020,111935,47 12.346100 N,060 21.681900 W,1.0,87.8,A,Depth,Depth,182.222222,D,S,84889.000000
Tue Sep 01 09:19:32 2020,01-Sep-2020,111936,47 12.346200 N,060 21.681500 W,1.0,86.8,A,Depth,Depth,182.222222,D,S,84889.000000
Tue Sep 01 09:19:37 2020,01-Sep-2020,111937,47 12.346200 N,060 21.681200 W,1.0,86.1,A,Primary,Headline,4.081633,D,S,105947.000000
Tue Sep 01 09:19:38 2020,01-Sep-2020,111938,47 12.346100 N,060 21.680800 W,1.0,86.6,A,DoorSpread,DoorMaster,7.730000,D,P,112292.000000
Tue Sep 01 09:19:38 2020,01-Sep-2020,111939,47 12.345900 N,060 21.680500 W,1.0,87.8,A,DoorSpread,DoorMaster,7.730000,D,P,112292.000000
Tue Sep 01 09:19:40 2020,01-Sep-2020,111940,47 12.345800 N,060 21.680200 W,1.0,88.7,A,Depth,Depth,181.481481,D,S,70984.000000
Tue Sep 01 09:19:40 2020,01-Sep-2020,111941,47 12.345900 N,060 21.679900 W,1.0,88.4,A,Depth,Depth,181.481481,D,S,70984.000000
Tue Sep 01 09:19:42 2020,01-Sep-2020,111942,47 12.346100 N,060 21.679500 W,1.1,86.6,A,Primary,Headline,5.326531,D,P,54325.000000
Tue Sep 01 09:19:43 2020,01-Sep-2020,111943,47 12.346300 N,060 21.679200 W,1.0,85.8,A,DoorSpread,DoorMaster,7.495000,D,S,148509.000000
Tue Sep 01 09:19:43 2020,01-Sep-2020,111944,47 12.346200 N,060 21.679000 W,1.0,86.1,A,DoorSpread,DoorMaster,7.495000,D,S,148509.000000
Tue Sep 01 09:19:43 2020,01-Sep-2020,111945,47 12.346000 N,060 21.678700 W,1.0,87.3,A,DoorSpread,DoorMaster,7.495000,D,S,148509.000000
Tue Sep 01 09:19:43 2020,01-Sep-2020,111946,47 12.345900 N,060 21.678400 W,1.0,88.9,A,DoorSpread,DoorMaster,7.495000,D,S,148509.000000
Tue Sep 01 09:19:47 2020,01-Sep-2020,111947,47 12.346000 N,060 21.677900 W,1.2,80.4,A,Primary,Headline,6.959184,D,S,164989.000000
Tue Sep 01 09:19:48 2020,01-Sep-2020,111948,47 12.346400 N,060 21.677500 W,1.2,76.6,A,Depth,Depth,178.148148,D,S,103634.000000
Tue Sep 01 09:19:49 2020,01-Sep-2020,111949,47 12.346500 N,060 21.677000 W,1.2,74.3,A,DoorSpread,DoorMaster,7.955000,D,S,170063.000000
Tue Sep 01 09:19:49 2020,01-Sep-2020,111950,47 12.346400 N,060 21.676600 W,1.1,73.0,A,DoorSpread,DoorMaster,7.955000,D,S,170063.000000
Tue Sep 01 09:19:49 2020,01-Sep-2020,111951,47 12.346300 N,060 21.676300 W,1.0,72.2,A,DoorSpread,DoorMaster,7.955000,D,S,170063.000000
Tue Sep 01 09:19:52 2020,01-Sep-2020,111952,47 12.346100 N,060 21.676100 W,1.0,72.9,A,Primary,Headline,20.959184,D,P,4267.000000
Tue Sep 01 09:19:52 2020,01-Sep-2020,111953,47 12.345800 N,060 21.675800 W,1.1,73.3,A,Primary,Headline,20.959184,D,P,4267.000000
Tue Sep 01 09:19:52 2020,01-Sep-2020,111954,47 12.345700 N,060 21.675400 W,1.1,73.1,A,Primary,Headline,20.959184,D,P,4267.000000
Tue Sep 01 09:19:55 2020,01-Sep-2020,111955,47 12.345900 N,060 21.675000 W,1.1,72.8,A,Depth,Depth,178.240741,D,P,17245.000000
Tue Sep 01 09:19:55 2020,01-Sep-2020,111956,47 12.346000 N,060 21.674600 W,1.1,73.0,A,Depth,Depth,178.240741,D,P,17245.000000
Tue Sep 01 09:19:57 2020,01-Sep-2020,111957,47 12.346000 N,060 21.674300 W,1.0,73.2,A,Primary,Headline,10.183673,D,S,77636.000000
Tue Sep 01 09:19:57 2020,01-Sep-2020,111958,47 12.346000 N,060 21.674100 W,1.0,73.9,A,Primary,Headline,10.183673,D,S,77636.000000
Tue Sep 01 09:19:57 2020,01-Sep-2020,111959,47 12.345800 N,060 21.673900 W,1.0,76.6,A,Primary,Headline,10.183673,D,S,77636.000000
Tue Sep 01 09:19:57 2020,01-Sep-2020,112000,47 12.345700 N,060 21.673600 W,1.0,77.8,A,Primary,Headline,10.183673,D,S,77636.000000
Tue Sep 01 09:20:00 2020,01-Sep-2020,112001,47 12.345900 N,060 21.673300 W,1.0,77.5,A,DoorSpread,DoorMaster,7.980000,D,S,505785.000000
Tue Sep 01 09:20:02 2020,01-Sep-2020,112002,47 12.346100 N,060 21.673100 W,1.0,77.3,A,Primary,Headline,10.224490,D,P,7118.000000
Tue Sep 01 09:20:03 2020,01-Sep-2020,112003,47 12.346100 N,060 21.672800 W,0.9,77.3,A,Depth,Depth,171.944444,D,S,110274.000000
Tue Sep 01 09:20:03 2020,01-Sep-2020,112004,47 12.346200 N,060 21.672500 W,0.9,77.3,A,Depth,Depth,171.944444,D,S,110274.000000
Tue Sep 01 09:20:03 2020,01-Sep-2020,112005,47 12.346200 N,060 21.672300 W,0.8,77.2,A,Depth,Depth,171.944444,D,S,110274.000000
Tue Sep 01 09:20:06 2020,01-Sep-2020,112006,47 12.346100 N,060 21.672000 W,0.9,78.4,A,DoorSpread,DoorMaster,8.435000,D,S,100805.000000
Tue Sep 01 09:20:06 2020,01-Sep-2020,112007,47 12.346100 N,060 21.671700 W,0.8,79.1,A,DoorSpread,DoorMaster,8.435000,D,S,100805.000000
Tue Sep 01 09:20:07 2020,01-Sep-2020,112008,47 12.346100 N,060 21.671400 W,0.9,79.9,A,Primary,Headline,14.775510,D,P,56554.000000
Tue Sep 01 09:20:07 2020,01-Sep-2020,112009,47 12.346300 N,060 21.671100 W,0.9,80.1,A,Primary,Headline,14.775510,D,P,56554.000000
Tue Sep 01 09:20:07 2020,01-Sep-2020,112010,47 12.346300 N,060 21.670700 W,0.9,80.3,A,Primary,Headline,14.775510,D,P,56554.000000
Tue Sep 01 09:20:11 2020,01-Sep-2020,112011,47 12.346300 N,060 21.670400 W,0.8,80.2,A,Depth,Depth,172.314815,D,S,305591.000000
Tue Sep 01 09:20:12 2020,01-Sep-2020,112012,47 12.346400 N,060 21.670200 W,0.8,80.2,A,DoorSpread,DoorMaster,8.515000,D,S,85798.000000
Tue Sep 01 09:20:13 2020,01-Sep-2020,112013,47 12.346300 N,060 21.670000 W,0.7,80.1,A,Primary,Headline,15.224490,D,S,112466.000000
Tue Sep 01 09:20:13 2020,01-Sep-2020,112014,47 12.346300 N,060 21.669800 W,0.8,79.1,A,Primary,Headline,15.224490,D,S,112466.000000
Tue Sep 01 09:20:13 2020,01-Sep-2020,112015,47 12.346500 N,060 21.669500 W,0.9,76.0,A,Primary,Headline,15.224490,D,S,112466.000000
Tue Sep 01 09:20:13 2020,01-Sep-2020,112016,47 12.346800 N,060 21.669100 W,1.0,72.3,A,Primary,Headline,15.224490,D,S,112466.000000
Tue Sep 01 09:20:13 2020,01-Sep-2020,112017,47 12.346900 N,060 21.668800 W,0.9,70.6,A,Primary,Headline,15.224490,D,S,112466.000000
Tue Sep 01 09:20:18 2020,01-Sep-2020,112018,47 12.346900 N,060 21.668600 W,0.9,70.1,A,Depth,Depth,174.259259,D,S,113824.000000
Tue Sep 01 09:20:18 2020,01-Sep-2020,112019,47 12.346900 N,060 21.668500 W,0.9,69.3,A,Depth,Depth,174.259259,D,S,113824.000000
Tue Sep 01 09:20:18 2020,01-Sep-2020,112020,47 12.347000 N,060 21.668300 W,0.9,67.7,A,Depth,Depth,174.259259,D,S,113824.000000
Tue Sep 01 09:20:18 2020,01-Sep-2020,112021,47 12.347200 N,060 21.667900 W,0.9,66.6,A,Depth,Depth,174.259259,D,S,113824.000000
Tue Sep 01 09:20:18 2020,01-Sep-2020,112022,47 12.347300 N,060 21.667400 W,1.1,64.9,A,Depth,Depth,174.259259,D,S,113824.000000
Tue Sep 01 09:20:23 2020,01-Sep-2020,112023,47 12.347500 N,060 21.667100 W,0.9,64.6,A,DoorSpread,DoorMaster,8.700000,D,P,189523.000000
Tue Sep 01 09:20:23 2020,01-Sep-2020,112024,47 12.347500 N,060 21.666900 W,0.9,64.5,A,Primary,Headline,22.938776,D,S,76419.000000
Tue Sep 01 09:20:23 2020,01-Sep-2020,112025,47 12.347400 N,060 21.666500 W,0.9,64.6,A,Primary,Headline,22.938776,D,S,76419.000000
Tue Sep 01 09:20:26 2020,01-Sep-2020,112026,47 12.347500 N,060 21.666200 W,0.9,64.9,A,Depth,Depth,162.407407,D,S,156390.000000
Tue Sep 01 09:20:26 2020,01-Sep-2020,112027,47 12.347400 N,060 21.665700 W,0.9,65.8,A,Depth,Depth,162.407407,D,S,156390.000000
Tue Sep 01 09:20:26 2020,01-Sep-2020,112028,47 12.347400 N,060 21.665400 W,0.9,66.3,A,Depth,Depth,162.407407,D,S,156390.000000
Tue Sep 01 09:20:29 2020,01-Sep-2020,112029,47 12.347400 N,060 21.665200 W,0.9,67.0,A,DoorSpread,DoorMaster,8.640000,D,S,470241.000000
Tue Sep 01 09:20:29 2020,01-Sep-2020,112030,47 12.347500 N,060 21.664800 W,0.9,67.2,A,DoorSpread,DoorMaster,8.640000,D,S,470241.000000
Tue Sep 01 09:20:29 2020,01-Sep-2020,112031,47 12.347500 N,060 21.664500 W,0.9,67.3,A,DoorSpread,DoorMaster,8.640000,D,S,470241.000000
Tue Sep 01 09:20:29 2020,01-Sep-2020,112032,47 12.347500 N,060 21.664300 W,0.8,67.3,A,DoorSpread,DoorMaster,8.640000,D,S,470241.000000
Tue Sep 01 09:20:29 2020,01-Sep-2020,112033,47 12.347500 N,060 21.664200 W,0.7,67.4,A,DoorSpread,DoorMaster,8.640000,D,S,470241.000000
Tue Sep 01 09:20:34 2020,01-Sep-2020,112034,47 12.347500 N,060 21.663900 W,0.8,68.1,A,Primary,Headline,16.632653,D,S,137871.000000
Tue Sep 01 09:20:35 2020,01-Sep-2020,112035,47 12.347500 N,060 21.663500 W,0.8,68.8,A,DoorSpread,DoorMaster,8.655000,D,S,148018.000000
Tue Sep 01 09:20:35 2020,01-Sep-2020,112036,47 12.347500 N,060 21.663200 W,0.7,69.2,A,DoorSpread,DoorMaster,8.655000,D,S,148018.000000
Tue Sep 01 09:20:35 2020,01-Sep-2020,112037,47 12.347500 N,060 21.663100 W,0.6,69.2,A,DoorSpread,DoorMaster,8.655000,D,S,148018.000000
Tue Sep 01 09:20:35 2020,01-Sep-2020,112038,47 12.347500 N,060 21.662900 W,0.8,69.1,A,DoorSpread,DoorMaster,8.655000,D,S,148018.000000
Tue Sep 01 09:20:39 2020,01-Sep-2020,112039,47 12.347700 N,060 21.662400 W,0.8,68.7,A,Primary,Headline,2.408163,D,S,57464.000000
Tue Sep 01 09:20:39 2020,01-Sep-2020,112040,47 12.347800 N,060 21.662100 W,0.7,68.5,A,Primary,Headline,2.408163,D,S,57464.000000
Tue Sep 01 09:20:41 2020,01-Sep-2020,112041,47 12.347600 N,060 21.662100 W,0.7,68.4,A,Depth,Depth,155.462963,D,S,126167.000000
Tue Sep 01 09:20:41 2020,01-Sep-2020,112042,47 12.347500 N,060 21.661900 W,0.7,68.1,A,Depth,Depth,155.462963,D,S,126167.000000
Tue Sep 01 09:20:41 2020,01-Sep-2020,112043,47 12.347500 N,060 21.661500 W,0.8,68.8,A,Depth,Depth,155.462963,D,S,126167.000000
Tue Sep 01 09:20:44 2020,01-Sep-2020,112044,47 12.347600 N,060 21.661200 W,0.9,67.5,A,Primary,Headline,2.632653,D,S,107441.000000
Tue Sep 01 09:20:44 2020,01-Sep-2020,112045,47 12.347900 N,060 21.661000 W,0.9,65.5,A,Primary,Headline,2.632653,D,S,107441.000000
Tue Sep 01 09:20:44 2020,01-Sep-2020,112046,47 12.348000 N,060 21.660900 W,0.9,64.7,A,Primary,Headline,2.632653,D,S,107441.000000
Tue Sep 01 09:20:46 2020,01-Sep-2020,112047,47 12.347900 N,060 21.660800 W,0.8,64.1,A,DoorSpread,DoorMaster,8.855000,D,P,302505.000000
Tue Sep 01 09:20:46 2020,01-Sep-2020,112048,47 12.347900 N,060 21.660700 W,0.7,63.8,A,DoorSpread,DoorMaster,8.855000,D,P,302505.000000
Tue Sep 01 09:20:49 2020,01-Sep-2020,112049,47 12.347800 N,060 21.660600 W,0.7,62.9,A,Primary,Headline,2.428571,D,S,80227.000000
Tue Sep 01 09:20:49 2020,01-Sep-2020,112050,47 12.347900 N,060 21.660400 W,0.7,62.8,A,Primary,Headline,2.428571,D,S,80227.000000
Tue Sep 01 09:20:49 2020,01-Sep-2020,112051,47 12.347900 N,060 21.660100 W,0.7,62.6,A,Primary,Headline,2.428571,D,S,80227.000000
Tue Sep 01 09:20:49 2020,01-Sep-2020,112052,47 12.348000 N,060 21.659900 W,0.7,62.0,A,Primary,Headline,2.428571,D,S,80227.000000
Tue Sep 01 09:20:52 2020,01-Sep-2020,112053,47 12.348000 N,060 21.659600 W,0.8,62.1,A,DoorSpread,DoorMaster,11.580000,D,S,472271.000000
Tue Sep 01 09:20:54 2020,01-Sep-2020,112054,47 12.348000 N,060 21.659200 W,0.8,63.0,A,Primary,Headline,1.734694,D,P,78893.000000
Tue Sep 01 09:20:54 2020,01-Sep-2020,112055,47 12.348000 N,060 21.658900 W,0.7,63.4,A,Primary,Headline,1.734694,D,P,78893.000000
Tue Sep 01 09:20:56 2020,01-Sep-2020,112056,47 12.347900 N,060 21.658800 W,0.7,63.8,A,Depth,Depth,151.296296,D,P,175258.000000
Tue Sep 01 09:20:56 2020,01-Sep-2020,112057,47 12.347900 N,060 21.658700 W,0.6,64.6,A,Depth,Depth,151.296296,D,P,175258.000000
Tue Sep 01 09:20:58 2020,01-Sep-2020,112058,47 12.347900 N,060 21.658500 W,0.7,65.9,A,DoorSpread,DoorMaster,9.355000,D,P,313480.000000
Tue Sep 01 09:20:58 2020,01-Sep-2020,112059,47 12.348000 N,060 21.658200 W,0.8,66.6,A,DoorSpread,DoorMaster,9.345000,D,S,520784.000000
Tue Sep 01 09:20:59 2020,01-Sep-2020,112100,47 12.348100 N,060 21.657800 W,0.8,66.9,A,Primary,Headline,1.877551,D,S,75413.000000
Tue Sep 01 09:20:59 2020,01-Sep-2020,112101,47 12.348100 N,060 21.657600 W,0.7,67.2,A,Primary,Headline,1.877551,D,S,75413.000000
Tue Sep 01 09:20:59 2020,01-Sep-2020,112102,47 12.348100 N,060 21.657400 W,0.7,68.2,A,Primary,Headline,1.877551,D,S,75413.000000
Tue Sep 01 09:21:03 2020,01-Sep-2020,112103,47 12.348000 N,060 21.657200 W,0.7,70.2,A,DoorSpread,DoorMaster,0.000000,E,S,507035.000000
Tue Sep 01 09:21:04 2020,01-Sep-2020,112104,47 12.347900 N,060 21.657000 W,0.7,71.0,A,Primary,Headline,2.102041,D,S,82275.000000
Tue Sep 01 09:21:04 2020,01-Sep-2020,112105,47 12.348100 N,060 21.656800 W,0.7,71.2,A,Primary,Headline,2.102041,D,S,82275.000000
Tue Sep 01 09:21:04 2020,01-Sep-2020,112106,47 12.348200 N,060 21.656500 W,0.7,71.3,A,Primary,Headline,2.102041,D,S,82275.000000
Tue Sep 01 09:21:04 2020,01-Sep-2020,112107,47 12.348100 N,060 21.656300 W,0.7,72.3,A,Primary,Headline,2.102041,D,S,82275.000000
Tue Sep 01 09:21:08 2020,01-Sep-2020,112108,47 12.348000 N,060 21.656000 W,0.7,73.5,A,DoorSpread,DoorMaster,0.000000,E,P,343702.000000
Tue Sep 01 09:21:09 2020,01-Sep-2020,112109,47 12.348000 N,060 21.655700 W,0.8,74.6,A,Primary,Headline,1.836735,D,P,34924.000000
Tue Sep 01 09:21:09 2020,01-Sep-2020,112110,47 12.348100 N,060 21.655400 W,0.8,75.0,A,Primary,Headline,1.857143,D,S,53687.000000
Tue Sep 01 09:21:11 2020,01-Sep-2020,112111,47 12.348200 N,060 21.655100 W,0.8,75.3,A,Depth,Depth,145.555556,D,P,114530.000000
Tue Sep 01 09:21:11 2020,01-Sep-2020,112112,47 12.348100 N,060 21.654900 W,0.7,75.7,A,Depth,Depth,145.555556,D,P,114530.000000
Tue Sep 01 09:21:11 2020,01-Sep-2020,112113,47 12.348100 N,060 21.654600 W,0.7,76.3,A,Depth,Depth,145.555556,D,P,114530.000000
Tue Sep 01 09:21:13 2020,01-Sep-2020,112114,47 12.348100 N,060 21.654400 W,0.7,76.8,A,DoorSpread,DoorMaster,0.000000,E,P,280319.000000
Tue Sep 01 09:21:14 2020,01-Sep-2020,112115,47 12.348100 N,060 21.654100 W,0.7,77.3,A,Primary,Headline,2.040816,D,P,18406.000000
Tue Sep 01 09:21:14 2020,01-Sep-2020,112116,47 12.348100 N,060 21.653800 W,0.8,77.7,A,Primary,Headline,2.040816,D,P,18406.000000
Tue Sep 01 09:21:14 2020,01-Sep-2020,112117,47 12.348100 N,060 21.653500 W,0.7,78.0,A,Primary,Headline,2.040816,D,P,18406.000000
Tue Sep 01 09:21:18 2020,01-Sep-2020,112118,47 12.348100 N,060 21.653200 W,0.8,78.3,A,DoorSpread,DoorMaster,0.000000,E,P,138641.000000
Tue Sep 01 09:21:18 2020,01-Sep-2020,112119,47 12.348200 N,060 21.653000 W,0.8,78.5,A,Depth,Depth,137.129630,D,S,142047.000000
Tue Sep 01 09:21:19 2020,01-Sep-2020,112120,47 12.348300 N,060 21.652700 W,0.8,78.6,A,Primary,Headline,1.734694,D,S,50315.000000
Tue Sep 01 09:21:19 2020,01-Sep-2020,112121,47 12.348200 N,060 21.652400 W,0.7,79.0,A,Primary,Headline,1.734694,D,S,50315.000000
Tue Sep 01 09:21:19 2020,01-Sep-2020,112122,47 12.348100 N,060 21.652100 W,0.7,79.4,A,Primary,Headline,1.734694,D,S,50315.000000
Tue Sep 01 09:21:23 2020,01-Sep-2020,112123,47 12.348000 N,060 21.651700 W,0.8,80.5,A,DoorSpread,DoorMaster,0.000000,E,P,191444.000000
Tue Sep 01 09:21:23 2020,01-Sep-2020,112124,47 12.348000 N,060 21.651300 W,0.8,81.2,A,DoorSpread,DoorMaster,0.000000,E,P,191444.000000
Tue Sep 01 09:21:24 2020,01-Sep-2020,112125,47 12.348100 N,060 21.651100 W,0.8,81.9,A,Primary,Headline,1.693878,D,S,46086.000000
Tue Sep 01 09:21:26 2020,01-Sep-2020,112126,47 12.348300 N,060 21.650800 W,0.8,82.3,A,Depth,Depth,130.740741,D,S,186833.000000
Tue Sep 01 09:21:26 2020,01-Sep-2020,112127,47 12.348300 N,060 21.650400 W,0.8,82.7,A,Depth,Depth,130.740741,D,S,186833.000000
Tue Sep 01 09:21:26 2020,01-Sep-2020,112128,47 12.348200 N,060 21.650000 W,0.9,83.0,A,Depth,Depth,130.740741,D,S,186833.000000
Tue Sep 01 09:21:29 2020,01-Sep-2020,112129,47 12.348100 N,060 21.649600 W,0.9,83.3,A,DoorSpread,DoorMaster,10.465000,D,P,217687.000000
Tue Sep 01 09:21:29 2020,01-Sep-2020,112130,47 12.348000 N,060 21.649000 W,1.0,84.0,A,Primary,Headline,1.265306,D,S,85172.000000
Tue Sep 01 09:21:29 2020,01-Sep-2020,112131,47 12.348100 N,060 21.648600 W,1.1,84.0,A,Primary,Headline,1.265306,D,S,85172.000000
Tue Sep 01 09:21:29 2020,01-Sep-2020,112132,47 12.348200 N,060 21.648200 W,1.0,84.0,A,Primary,Headline,1.265306,D,S,85172.000000
Tue Sep 01 09:21:29 2020,01-Sep-2020,112133,47 12.348200 N,060 21.647800 W,1.0,84.0,A,Primary,Headline,1.265306,D,S,85172.000000
Tue Sep 01 09:21:34 2020,01-Sep-2020,112134,47 12.348100 N,060 21.647300 W,1.1,84.8,A,DoorSpread,DoorMaster,0.000000,E,S,375088.000000
Tue Sep 01 09:21:34 2020,01-Sep-2020,112135,47 12.348000 N,060 21.646800 W,1.2,86.0,A,Primary,Headline,1.306122,D,S,55659.000000
Tue Sep 01 09:21:34 2020,01-Sep-2020,112136,47 12.347900 N,060 21.646200 W,1.2,87.5,A,Primary,Headline,1.306122,D,S,55659.000000
Tue Sep 01 09:21:34 2020,01-Sep-2020,112137,47 12.347900 N,060 21.645800 W,1.1,87.8,A,Primary,Headline,1.306122,D,S,55659.000000
Tue Sep 01 09:21:34 2020,01-Sep-2020,112138,47 12.347900 N,060 21.645600 W,1.1,87.8,A,Primary,Headline,1.306122,D,S,55659.000000
Tue Sep 01 09:21:39 2020,01-Sep-2020,112139,47 12.347900 N,060 21.645200 W,1.1,88.1,A,DoorSpread,DoorMaster,0.000000,E,S,487600.000000
Tue Sep 01 09:21:40 2020,01-Sep-2020,112140,47 12.347900 N,060 21.644800 W,1.1,88.2,A,Primary,Headline,1.938776,D,S,93774.000000
Tue Sep 01 09:21:41 2020,01-Sep-2020,112141,47 12.348000 N,060 21.644500 W,1.0,88.0,A,Depth,Depth,122.962963,D,S,266430.000000
Tue Sep 01 09:21:41 2020,01-Sep-2020,112142,47 12.348000 N,060 21.644200 W,0.9,87.9,A,Depth,Depth,122.962963,D,S,266430.000000
Tue Sep 01 09:21:41 2020,01-Sep-2020,112143,47 12.347900 N,060 21.643900 W,1.0,88.7,A,Depth,Depth,122.962963,D,S,266430.000000
Tue Sep 01 09:21:44 2020,01-Sep-2020,112144,47 12.347800 N,060 21.643600 W,1.0,89.4,A,DoorSpread,DoorMaster,0.000000,E,S,574344.000000
Tue Sep 01 09:21:44 2020,01-Sep-2020,112145,47 12.347700 N,060 21.643200 W,1.0,90.1,A,Primary,Headline,1.918367,D,P,50037.000000
Tue Sep 01 09:21:44 2020,01-Sep-2020,112146,47 12.347600 N,060 21.642800 W,1.1,91.1,A,Primary,Headline,1.918367,D,P,50037.000000
Tue Sep 01 09:21:44 2020,01-Sep-2020,112147,47 12.347500 N,060 21.642200 W,1.2,93.1,A,Primary,Headline,1.918367,D,P,50037.000000
Tue Sep 01 09:21:48 2020,01-Sep-2020,112148,47 12.347200 N,060 21.641400 W,1.3,96.0,A,Depth,Depth,116.481481,D,S,169686.000000
Tue Sep 01 09:21:49 2020,01-Sep-2020,112149,47 12.346800 N,060 21.640500 W,1.5,99.3,A,DoorSpread,DoorMaster,0.000000,E,P,325061.000000
Tue Sep 01 09:21:49 2020,01-Sep-2020,112150,47 12.346500 N,060 21.639600 W,1.5,101.7,A,Primary,Headline,1.265306,D,P,28756.000000
Tue Sep 01 09:21:49 2020,01-Sep-2020,112151,47 12.346200 N,060 21.638900 W,1.6,103.8,A,Primary,Headline,1.265306,D,P,28756.000000
Tue Sep 01 09:21:49 2020,01-Sep-2020,112152,47 12.345800 N,060 21.638100 W,1.8,106.1,A,Primary,Headline,1.265306,D,P,28756.000000
Tue Sep 01 09:21:49 2020,01-Sep-2020,112153,47 12.345400 N,060 21.637200 W,1.9,108.5,A,Primary,Headline,1.265306,D,P,28756.000000
Tue Sep 01 09:21:54 2020,01-Sep-2020,112154,47 12.344900 N,060 21.636400 W,2.1,110.8,A,DoorSpread,DoorMaster,0.000000,E,S,132179.000000
Tue Sep 01 09:21:54 2020,01-Sep-2020,112155,47 12.344200 N,060 21.635400 W,2.3,113.3,A,Primary,Headline,0.081633,D,S,13529.000000
Tue Sep 01 09:21:56 2020,01-Sep-2020,112156,47 12.343700 N,060 21.634600 W,2.3,114.1,A,Depth,Depth,111.018519,D,S,4267.000000
Tue Sep 01 09:21:56 2020,01-Sep-2020,112157,47 12.343300 N,060 21.633900 W,2.3,115.0,A,Depth,Depth,111.018519,D,S,4267.000000
Tue Sep 01 09:21:56 2020,01-Sep-2020,112158,47 12.342800 N,060 21.633100 W,2.4,116.6,A,Depth,Depth,111.018519,D,S,4267.000000
Tue Sep 01 09:21:59 2020,01-Sep-2020,112159,47 12.342200 N,060 21.632100 W,2.6,118.3,A,DoorSpread,DoorMaster,0.000000,E,P,93623.000000
Tue Sep 01 09:22:00 2020,01-Sep-2020,112200,47 12.341700 N,060 21.631200 W,2.6,119.8,A,Primary,Headline,7.469388,D,S,15335.000000
Tue Sep 01 09:22:00 2020,01-Sep-2020,112201,47 12.341200 N,060 21.630200 W,2.7,120.8,A,Primary,Headline,7.469388,D,S,15335.000000
Tue Sep 01 09:22:00 2020,01-Sep-2020,112202,47 12.341000 N,060 21.629100 W,2.7,121.1,A,Primary,Headline,7.469388,D,S,15335.000000
Tue Sep 01 09:22:03 2020,01-Sep-2020,112203,47 12.340900 N,060 21.628000 W,2.7,120.5,A,Depth,Depth,98.796296,D,P,34945.000000
Tue Sep 01 09:22:04 2020,01-Sep-2020,112204,47 12.340700 N,060 21.627000 W,2.7,120.1,A,DoorSpread,DoorMaster,0.000000,E,P,198196.000000
Tue Sep 01 09:22:05 2020,01-Sep-2020,112205,47 12.340300 N,060 21.626200 W,2.7,120.0,A,Secondary,Headline,0.000000,E,S,58792.000000
Tue Sep 01 09:22:05 2020,01-Sep-2020,112206,47 12.340000 N,060 21.625300 W,2.6,119.8,A,Secondary,Headline,0.000000,E,S,58792.000000
Tue Sep 01 09:22:05 2020,01-Sep-2020,112207,47 12.339700 N,060 21.624500 W,2.6,119.1,A,Secondary,Headline,0.000000,E,S,58792.000000
Tue Sep 01 09:22:05 2020,01-Sep-2020,112208,47 12.339600 N,060 21.623500 W,2.7,117.9,A,Secondary,Headline,0.000000,E,S,58792.000000
Tue Sep 01 09:22:05 2020,01-Sep-2020,112209,47 12.339300 N,060 21.622600 W,2.7,117.2,A,Secondary,Headline,0.000000,E,S,58792.000000
Tue Sep 01 09:22:10 2020,01-Sep-2020,112210,47 12.339000 N,060 21.621800 W,2.6,117.0,A,Primary,Headline,1.224490,D,P,24849.000000
Tue Sep 01 09:22:10 2020,01-Sep-2020,112211,47 12.338500 N,060 21.621200 W,2.5,117.2,A,Depth,Depth,90.000000,D,S,174058.000000
Tue Sep 01 09:22:10 2020,01-Sep-2020,112212,47 12.338100 N,060 21.620500 W,2.4,117.2,A,Depth,Depth,90.000000,D,S,174058.000000
Tue Sep 01 09:22:10 2020,01-Sep-2020,112213,47 12.337800 N,060 21.619900 W,2.4,117.0,A,Depth,Depth,90.000000,D,S,174058.000000
Tue Sep 01 09:22:10 2020,01-Sep-2020,112214,47 12.337500 N,060 21.619000 W,2.5,116.2,A,Depth,Depth,90.000000,D,S,174058.000000
Tue Sep 01 09:22:15 2020,01-Sep-2020,112215,47 12.337100 N,060 21.618000 W,2.5,115.3,A,Primary,Headline,1.734694,D,P,24026.000000
Tue Sep 01 09:22:15 2020,01-Sep-2020,112216,47 12.336800 N,060 21.617200 W,2.4,114.6,A,Primary,Headline,1.734694,D,P,24026.000000
Tue Sep 01 09:22:15 2020,01-Sep-2020,112217,47 12.336500 N,060 21.616400 W,2.3,114.1,A,Primary,Headline,1.734694,D,P,24026.000000
Tue Sep 01 09:22:18 2020,01-Sep-2020,112218,47 12.336100 N,060 21.615700 W,2.3,113.9,A,Depth,Depth,81.666667,D,P,39924.000000
Tue Sep 01 09:22:19 2020,01-Sep-2020,112219,47 12.335700 N,060 21.614800 W,2.3,114.1,A,DoorSpread,DoorMaster,0.000000,E,S,708747.000000
Tue Sep 01 09:22:20 2020,01-Sep-2020,112220,47 12.335400 N,060 21.614100 W,2.3,114.1,A,Primary,Headline,10.346939,D,P,4786.000000
Tue Sep 01 09:22:20 2020,01-Sep-2020,112221,47 12.335300 N,060 21.613300 W,2.3,113.3,A,Primary,Headline,10.346939,D,P,4786.000000
Tue Sep 01 09:22:20 2020,01-Sep-2020,112222,47 12.335200 N,060 21.612200 W,2.3,112.0,A,Primary,Headline,10.346939,D,P,4786.000000
Tue Sep 01 09:22:20 2020,01-Sep-2020,112223,47 12.334900 N,060 21.611400 W,2.3,111.6,A,Primary,Headline,10.346939,D,P,4786.000000
Tue Sep 01 09:22:20 2020,01-Sep-2020,112224,47 12.334600 N,060 21.610800 W,2.1,111.4,A,Primary,Headline,10.346939,D,P,4786.000000
Tue Sep 01 09:22:25 2020,01-Sep-2020,112225,47 12.334400 N,060 21.610200 W,2.1,111.3,A,Depth,Depth,72.777778,D,P,101197.000000
Tue Sep 01 09:22:25 2020,01-Sep-2020,112226,47 12.334000 N,060 21.609500 W,2.1,111.4,A,Depth,Depth,72.777778,D,P,101197.000000
Tue Sep 01 09:22:25 2020,01-Sep-2020,112227,47 12.333700 N,060 21.608900 W,2.1,111.2,A,Depth,Depth,72.777778,D,P,101197.000000
Tue Sep 01 09:22:25 2020,01-Sep-2020,112228,47 12.333500 N,060 21.608200 W,2.1,110.9,A,Depth,Depth,72.777778,D,P,101197.000000
Tue Sep 01 09:22:25 2020,01-Sep-2020,112229,47 12.333300 N,060 21.607500 W,2.1,110.5,A,Depth,Depth,72.777778,D,P,101197.000000
Tue Sep 01 09:22:30 2020,01-Sep-2020,112230,47 12.333000 N,060 21.606800 W,2.0,110.7,A,Primary,Headline,0.285714,D,P,53506.000000
Tue Sep 01 09:22:30 2020,01-Sep-2020,112231,47 12.332600 N,060 21.606100 W,2.0,111.2,A,Primary,Headline,0.285714,D,P,53506.000000
Tue Sep 01 09:22:32 2020,01-Sep-2020,112232,47 12.332200 N,060 21.605300 W,2.0,111.6,A,Depth,Depth,66.666667,D,P,64624.000000
Tue Sep 01 09:22:32 2020,01-Sep-2020,112233,47 12.332000 N,060 21.604400 W,2.1,110.9,A,Depth,Depth,66.666667,D,P,64624.000000
Tue Sep 01 09:22:32 2020,01-Sep-2020,112234,47 12.331900 N,060 21.603400 W,2.1,109.7,A,Depth,Depth,66.666667,D,P,64624.000000
Tue Sep 01 09:22:35 2020,01-Sep-2020,112235,47 12.331700 N,060 21.602500 W,2.1,108.8,A,Primary,Headline,3.285714,D,P,59060.000000
Tue Sep 01 09:22:35 2020,01-Sep-2020,112236,47 12.331600 N,060 21.601800 W,2.0,108.2,A,Primary,Headline,3.285714,D,P,59060.000000
Tue Sep 01 09:22:35 2020,01-Sep-2020,112237,47 12.331200 N,060 21.601000 W,2.1,108.3,A,Primary,Headline,3.285714,D,P,59060.000000
Tue Sep 01 09:22:35 2020,01-Sep-2020,112238,47 12.330900 N,060 21.600200 W,2.1,108.9,A,Primary,Headline,3.285714,D,P,59060.000000
Tue Sep 01 09:22:35 2020,01-Sep-2020,112239,47 12.330600 N,060 21.599500 W,2.1,109.4,A,Primary,Headline,3.285714,D,P,59060.000000
Tue Sep 01 09:22:40 2020,01-Sep-2020,112240,47 12.330300 N,060 21.598600 W,2.2,109.3,A,Primary,Headline,0.693878,D,P,42036.000000
Tue Sep 01 09:22:40 2020,01-Sep-2020,112241,47 12.330200 N,060 21.597400 W,2.2,108.7,A,Primary,Headline,0.693878,D,P,42036.000000
Tue Sep 01 09:22:40 2020,01-Sep-2020,112242,47 12.330000 N,060 21.596300 W,2.2,108.3,A,Primary,Headline,0.693878,D,P,42036.000000
Tue Sep 01 09:22:40 2020,01-Sep-2020,112243,47 12.329700 N,060 21.595500 W,2.2,108.3,A,Primary,Headline,0.693878,D,P,42036.000000
Tue Sep 01 09:22:40 2020,01-Sep-2020,112244,47 12.329400 N,060 21.594500 W,2.2,108.4,A,Primary,Headline,0.693878,D,P,42036.000000
Tue Sep 01 09:22:45 2020,01-Sep-2020,112245,47 12.329100 N,060 21.593700 W,2.2,109.0,A,Primary,Headline,1.551020,D,S,121113.000000
Tue Sep 01 09:22:45 2020,01-Sep-2020,112246,47 12.328800 N,060 21.592800 W,2.2,109.6,A,Primary,Headline,1.551020,D,S,121113.000000
Tue Sep 01 09:22:47 2020,01-Sep-2020,112247,47 12.328600 N,060 21.592000 W,2.1,109.9,A,Depth,Depth,0.648148,D,S,214515.000000
Tue Sep 01 09:22:47 2020,01-Sep-2020,112248,47 12.328400 N,060 21.591100 W,2.1,110.0,A,Depth,Depth,0.648148,D,S,214515.000000
Tue Sep 01 09:22:47 2020,01-Sep-2020,112249,47 12.328100 N,060 21.590100 W,2.2,109.9,A,Depth,Depth,0.648148,D,S,214515.000000
Tue Sep 01 09:22:50 2020,01-Sep-2020,112250,47 12.327800 N,060 21.589100 W,2.2,109.4,A,Primary,Headline,1.714286,D,P,44962.000000
Tue Sep 01 09:22:50 2020,01-Sep-2020,112251,47 12.327600 N,060 21.588300 W,2.2,108.9,A,Primary,Headline,1.714286,D,P,44962.000000
Tue Sep 01 09:22:50 2020,01-Sep-2020,112252,47 12.327200 N,060 21.587300 W,2.2,109.1,A,Primary,Headline,1.714286,D,P,44962.000000
Tue Sep 01 09:22:50 2020,01-Sep-2020,112253,47 12.326900 N,060 21.586500 W,2.2,109.3,A,Primary,Headline,1.714286,D,P,44962.000000
Tue Sep 01 09:22:54 2020,01-Sep-2020,112254,47 12.326600 N,060 21.585700 W,2.2,109.6,A,Depth,Depth,50.740741,D,P,34487.000000
Tue Sep 01 09:22:55 2020,01-Sep-2020,112255,47 12.326200 N,060 21.584700 W,2.3,110.0,A,DoorSpread,DoorMaster,0.305000,D,S,3828.000000
Tue Sep 01 09:22:55 2020,01-Sep-2020,112256,47 12.325900 N,060 21.583700 W,2.3,110.1,A,DoorSpread,DoorMaster,0.305000,D,S,3828.000000
Tue Sep 01 09:22:55 2020,01-Sep-2020,112257,47 12.325800 N,060 21.582900 W,2.2,110.0,A,DoorSpread,DoorMaster,0.305000,D,S,3828.000000
Tue Sep 01 09:22:55 2020,01-Sep-2020,112258,47 12.325800 N,060 21.582100 W,2.2,109.2,A,DoorSpread,DoorMaster,0.305000,D,S,3828.000000
Tue Sep 01 09:22:55 2020,01-Sep-2020,112259,47 12.325600 N,060 21.581200 W,2.2,109.0,A,DoorSpread,DoorMaster,0.305000,D,S,3828.000000
Tue Sep 01 09:23:00 2020,01-Sep-2020,112300,47 12.325200 N,060 21.580300 W,2.3,109.4,A,Primary,Headline,1.734694,D,P,54198.000000
Tue Sep 01 09:23:01 2020,01-Sep-2020,112301,47 12.324800 N,060 21.579600 W,2.2,109.7,A,Depth,Depth,46.481481,D,P,92747.000000
Tue Sep 01 09:23:01 2020,01-Sep-2020,112302,47 12.324600 N,060 21.578900 W,2.1,110.0,A,Depth,Depth,46.481481,D,P,92747.000000
Tue Sep 01 09:23:01 2020,01-Sep-2020,112303,47 12.324400 N,060 21.578000 W,2.2,109.5,A,Depth,Depth,46.481481,D,P,92747.000000
Tue Sep 01 09:23:01 2020,01-Sep-2020,112304,47 12.324300 N,060 21.576900 W,2.3,108.6,A,Depth,Depth,46.481481,D,P,92747.000000
Tue Sep 01 09:23:05 2020,01-Sep-2020,112305,47 12.324000 N,060 21.575800 W,2.3,108.4,A,Primary,Headline,2.102041,D,P,17334.000000
Tue Sep 01 09:23:05 2020,01-Sep-2020,112306,47 12.323700 N,060 21.574900 W,2.3,108.7,A,Primary,Headline,2.102041,D,P,17334.000000
Tue Sep 01 09:23:05 2020,01-Sep-2020,112307,47 12.323300 N,060 21.574100 W,2.3,109.2,A,Primary,Headline,2.102041,D,P,17334.000000
Tue Sep 01 09:23:08 2020,01-Sep-2020,112308,47 12.323000 N,060 21.573200 W,2.3,109.4,A,Depth,Depth,40.740741,D,S,343457.000000
Tue Sep 01 09:23:08 2020,01-Sep-2020,112309,47 12.322900 N,060 21.572200 W,2.3,108.9,A,Depth,Depth,40.740741,D,S,343457.000000
Tue Sep 01 09:23:10 2020,01-Sep-2020,112310,47 12.322800 N,060 21.571300 W,2.3,108.0,A,Primary,Headline,2.428571,D,P,34546.000000
Tue Sep 01 09:23:10 2020,01-Sep-2020,112311,47 12.322600 N,060 21.570400 W,2.3,107.7,A,Primary,Headline,2.428571,D,P,34546.000000
Tue Sep 01 09:23:10 2020,01-Sep-2020,112312,47 12.322300 N,060 21.569500 W,2.3,107.9,A,Primary,Headline,2.428571,D,P,34546.000000
Tue Sep 01 09:23:10 2020,01-Sep-2020,112313,47 12.322100 N,060 21.568600 W,2.3,108.1,A,Primary,Headline,2.428571,D,P,34546.000000
Tue Sep 01 09:23:10 2020,01-Sep-2020,112314,47 12.321900 N,060 21.567700 W,2.3,108.1,A,Primary,Headline,2.428571,D,P,34546.000000
Tue Sep 01 09:23:15 2020,01-Sep-2020,112315,47 12.321600 N,060 21.566800 W,2.3,108.1,A,Depth,Depth,36.759259,D,S,153957.000000
Tue Sep 01 09:23:15 2020,01-Sep-2020,112316,47 12.321500 N,060 21.566000 W,2.3,108.2,A,Depth,Depth,36.759259,D,P,138101.000000
Tue Sep 01 09:23:15 2020,01-Sep-2020,112317,47 12.321300 N,060 21.565300 W,2.2,108.2,A,Depth,Depth,36.759259,D,P,138101.000000
Tue Sep 01 09:23:15 2020,01-Sep-2020,112318,47 12.321200 N,060 21.564600 W,2.2,108.2,A,Depth,Depth,36.759259,D,P,138101.000000
